 0 50 -0.02132017992841613
 0.01 50 0.02237829299478389
 0.02 50 0.2255687358786267
 0.03 50 0.1797402812001897
 0.04 50 0.267533763793586
 0.05 50 0.8828684285510455
 0.06 50 0.8733469309418996
 0.07000000000000001 50 0.7793076795824087
 0.08 50 1.189404109798956
 0.09 50 1.13062167219239
 0.1 50 1.479124062637706
 0.11 50 1.241777380538841
 0.12 50 1.57204419414711
 0.13 50 1.634640533759417
 0.14 50 2.172840461275479
 0.15 50 1.87277483210501
 0.16 50 1.905154089429555
 0.17 50 2.019737937363526
 0.18 50 2.258190383842253
 0.19 50 2.645806672764207
 0.2 50 2.514963822664072
 0.21 50 2.582659937534844
 0.22 50 2.252017838175037
 0.23 50 2.864385016222581
 0.24 50 3.501814048215548
 0.25 50 2.985613785228955
 0.26 50 3.144402377797826
 0.27 50 3.259517643229028
 0.28 50 3.482788322423963
 0.29 50 3.262616309075736
 0.3 50 3.997281887726518
 0.31 50 3.732990740027891
 0.32 50 3.593966098421486
 0.33 50 4.360494365196815
 0.34 50 3.914095497548121
 0.35 50 4.330972248077764
 0.36 50 4.162284279036758
 0.37 50 4.517178209561173
 0.38 50 4.912058308986701
 0.39 50 4.688470744282116
 0.4 50 5.070239348115257
 0.41 50 5.086200493555609
 0.42 50 4.958260521087855
 0.43 50 5.033748942716927
 0.44 50 5.015456621905754
 0.45 50 5.126640963024756
 0.46 50 5.787645047118994
 0.47 50 5.674319696391324
 0.48 50 5.496284298475692
 0.49 50 5.49257994979148
 0.5 50 5.651474616769356
 0.51 50 6.118639672779384
 0.52 50 6.015256621870251
 0.53 50 6.147159137423606
 0.54 50 6.263402234897055
 0.55 50 6.134441647105486
 0.5600000000000001 50 6.964498444340853
 0.5700000000000001 50 6.683656018915244
 0.58 50 6.981661508236156
 0.59 50 6.948966334522407
 0.6 50 6.846727310831163
 0.61 50 7.169323112891727
 0.62 50 7.186310939492832
 0.63 50 7.35606926944459
 0.64 50 7.781647736192525
 0.65 50 7.872807612270672
 0.66 50 7.468964473899545
 0.67 50 7.945170883566427
 0.68 50 7.56815647280367
 0.6900000000000001 50 7.986467911705367
 0.7000000000000001 50 8.410817035994343
 0.71 50 8.158228345228826
 0.72 50 8.165895378516696
 0.73 50 8.367312217798446
 0.74 50 8.299275813145021
 0.75 50 8.737344846822829
 0.76 50 8.989460542807228
 0.77 50 8.988085915673524
 0.78 50 8.827242719932009
 0.79 50 8.867087971804944
 0.8 50 9.164578752664969
 0.8100000000000001 50 9.362119437052781
 0.8200000000000001 50 9.512276346866368
 0.8300000000000001 50 9.603746054192962
 0.84 50 9.43714210742454
 0.85 50 9.198708873770167
 0.86 50 9.424707891242132
 0.87 50 10.38448796502578
 0.88 50 10.28545178993665
 0.89 50 10.24353437955316
 0.9 50 10.21900802950987
 0.91 50 10.07410598467348
 0.92 50 10.60413265088875
 0.93 50 10.33864506128761
 0.9400000000000001 50 10.60800228399234
 0.9500000000000001 50 10.15657055557023
 0.96 50 10.90960817305642
 0.97 50 10.81667378237565
 0.98 50 11.0232397724695
 0.99 50 10.91334553845407
 1 50 11.18725985983981
 1.01 50 10.73019128141413
 1.02 50 11.39478384074845
 1.03 50 11.0342922722149
 1.04 50 11.32770825386081
 1.05 50 11.24178101580912
 1.06 50 11.60195093792679
 1.07 50 11.70696956088062
 1.08 50 12.00892116446146
 1.09 50 11.75661706058108
 1.1 50 12.08880495032593
 1.11 50 12.26610580563845
 1.12 50 12.20641682562678
 1.13 50 12.26584488750076
 1.14 50 12.51547565841069
 1.15 50 12.0390626996546
 1.16 50 12.47945721026031
 1.17 50 13.02017207101875
 1.18 50 12.56619054509225
 1.19 50 12.38463203438734
 1.2 50 12.7737635483786
 1.21 50 12.85579718997763
 1.22 50 12.93646852142771
 1.23 50 12.97029698678356
 1.24 50 13.16136621573786
 1.25 50 13.4119479160364
 1.26 50 13.16276422074103
 1.27 50 13.04868273278823
 1.28 50 13.40940916665653
 1.29 50 13.79190564755518
 1.3 50 13.69614106058029
 1.31 50 13.29448548508076
 1.32 50 13.482877778965
 1.33 50 13.93326567911701
 1.34 50 14.01264400600641
 1.35 50 13.86100164809547
 1.36 50 14.3599720895947
 1.37 50 14.12441270690867
 1.38 50 13.72226969070046
 1.39 50 14.09561794802183
 1.4 50 14.53501839565002
 1.41 50 14.37880492596475
 1.42 50 14.21137796857171
 1.43 50 14.36796997484989
 1.44 50 14.69747553790965
 1.45 50 14.7370457285287
 1.46 50 14.57379612204639
 1.47 50 14.85313558591124
 1.48 50 14.71752663118576
 1.49 50 14.91377405844399
 1.5 50 15.21584469086241
 1.51 50 15.01620651828989
 1.52 50 14.9752809832824
 1.53 50 15.1657603729794
 1.54 50 14.88511247668254
 1.55 50 15.24246379725956
 1.56 50 14.86102125746758
 1.57 50 15.35206177595205
 1.58 50 15.59345681503049
 1.59 50 15.63341402975218
 1.6 50 15.88125398154035
 1.61 50 15.36146012686681
 1.62 50 15.9010165593923
 1.63 50 15.78904124388825
 1.64 50 15.7565167639327
 1.65 50 15.68673479477462
 1.66 50 15.48865293720053
 1.67 50 16.22839326301106
 1.68 50 16.11127843971869
 1.69 50 16.43446938564179
 1.7 50 15.67790885907549
 1.71 50 16.44411845172399
 1.72 50 16.30228021457123
 1.73 50 16.41333247818347
 1.74 50 16.05788054559273
 1.75 50 16.19539010186683
 1.76 50 16.47039183898091
 1.77 50 16.24157996974296
 1.78 50 16.51061733124035
 1.79 50 16.55616766731582
 1.8 50 17.25754215788046
 1.81 50 16.40325975912442
 1.82 50 16.88089724730333
 1.83 50 17.34435432461835
 1.84 50 16.89096952415583
 1.85 50 17.12472342624207
 1.86 50 17.12024594513935
 1.87 50 17.04243218050353
 1.88 50 16.97039454571544
 1.89 50 17.19934784540243
 1.9 50 16.96845024551884
 1.91 50 17.25736947117839
 1.92 50 17.14749379700858
 1.93 50 17.59702862510708
 1.94 50 17.31244715129643
 1.95 50 17.13051499292073
 1.96 50 17.49358225568862
 1.97 50 17.51723315372316
 1.98 50 17.59215666272418
 1.99 50 17.76220283197627
 2 50 17.95500871524857
 2.01 50 17.87811010807031
 2.02 50 17.98065928027624
 2.03 50 17.69188560629734
 2.04 50 17.63481305864331
 2.05 50 17.89186943726746
 2.06 50 17.87711411512413
 2.07 50 17.50661380682779
 2.08 50 17.82512383864146
 2.09 50 18.17636216679636
 2.1 50 17.92712261407147
 2.11 50 17.81496608786903
 2.12 50 18.4415712766663
 2.13 50 18.19164675665256
 2.14 50 18.36930876651359
 2.15 50 18.53568475793723
 2.16 50 18.48182113604002
 2.17 50 18.4171151805295
 2.18 50 18.37195089562265
 2.19 50 18.87499595224557
 2.2 50 18.40104049131689
 2.21 50 18.28777346865896
 2.22 50 18.29562836622019
 2.23 50 18.6513098885921
 2.24 50 18.54398709948122
 2.25 50 18.22103725381946
 2.26 50 18.60889253468602
 2.27 50 19.12349071271418
 2.28 50 18.9822254875645
 2.29 50 19.15744206146975
 2.3 50 18.80518155001138
 2.31 50 18.9851323462673
 2.32 50 18.89672069070432
 2.33 50 19.01324141761308
 2.34 50 19.05800510502834
 2.35 50 19.51788360941584
 2.36 50 18.88105599057144
 2.37 50 18.76266160365724
 2.38 50 19.1458230610194
 2.39 50 19.50680035927364
 2.4 50 19.00010194578018
 2.41 50 19.44225865507815
 2.42 50 19.03772840355391
 2.43 50 19.7257696310636
 2.44 50 19.193194806163
 2.45 50 19.17508397340085
 2.46 50 19.44870379592637
 2.47 50 19.32497597470038
 2.48 50 19.35086621939068
 2.49 50 19.50486539273873
 2.5 50 19.50171069955737
 2.51 50 19.32646575356197
 2.52 50 19.44232837629024
 2.53 50 19.24442171713096
 2.54 50 20.01378798559316
 2.55 50 19.5972169305892
 2.56 50 19.61286294105176
 2.57 50 19.72869091213817
 2.58 50 19.92110136499713
 2.59 50 19.96765524633026
 2.6 50 19.73983454453527
 2.61 50 19.96078028400529
 2.62 50 19.72637039006149
 2.63 50 20.23268819752762
 2.64 50 20.10352610649322
 2.65 50 19.85534092450808
 2.66 50 20.03259944103752
 2.67 50 20.01190967391269
 2.68 50 20.01292509200857
 2.69 50 20.05503075085554
 2.7 50 20.28251428116576
 2.71 50 20.40366546750331
 2.72 50 20.29730000388955
 2.73 50 19.81940404422181
 2.74 50 20.3674342392781
 2.75 50 20.11583766018853
 2.76 50 20.21620005257462
 2.77 50 20.30421534885901
 2.78 50 20.45265022294814
 2.79 50 20.55134683072823
 2.8 50 20.29097803416229
 2.81 50 20.86527213777877
 2.82 50 20.51269066548937
 2.83 50 20.2550679067862
 2.84 50 20.20115704711774
 2.85 50 20.55757658420261
 2.86 50 20.28716769047867
 2.87 50 20.61507499537585
 2.88 50 20.80694854036877
 2.89 50 20.47761192773241
 2.9 50 20.2625401424097
 2.91 50 20.21096089222652
 2.92 50 20.40502546418112
 2.93 50 20.78423313645516
 2.94 50 20.59237506480529
 2.95 50 20.74969308621157
 2.96 50 20.59083835447711
 2.97 50 19.93756652275547
 2.98 50 20.78275978540166
 2.99 50 20.80983396765646
 3 50 20.78000132478182
 3.01 50 20.79910747464058
 3.02 50 20.80109819314945
 3.03 50 20.93569227092348
 3.04 50 20.91817134554911
 3.05 50 20.85975603883175
 3.06 50 20.3937633244368
 3.07 50 21.09979118072899
 3.08 50 20.89704685210943
 3.09 50 20.75339687514774
 3.1 50 20.64964173539359
 3.11 50 21.06864174397959
 3.12 50 20.91373293068014
 3.13 50 21.3418992960747
 3.14 50 20.98707972432703
 3.15 50 20.88844195546424
 3.16 50 20.86922610182114
 3.17 50 21.03179703319529
 3.18 50 20.90794997424796
 3.19 50 20.78683777168598
 3.2 50 20.86169322155624
 3.21 50 21.08674911050628
 3.22 50 21.23431551796951
 3.23 50 21.2638914035912
 3.24 50 21.39907433428629
 3.25 50 20.84180676511459
 3.26 50 20.95942073880106
 3.27 50 21.12259698488032
 3.28 50 21.02899327598655
 3.29 50 21.39859163903301
 3.3 50 20.68191912611987
 3.31 50 20.94831310160015
 3.32 50 21.01280649183733
 3.33 50 20.80055762632718
 3.34 50 21.17911894734618
 3.35 50 21.47717237452375
 3.36 50 21.40454503164511
 3.37 50 21.27141382287852
 3.38 50 21.34022404954075
 3.39 50 20.83823793299448
 3.4 50 21.46443923492506
 3.41 50 21.52870848019402
 3.42 50 21.34771397611397
 3.43 50 21.34258723736059
 3.44 50 20.9537386106997
 3.45 50 21.28795669792874
 3.46 50 21.20736103365606
 3.47 50 21.50259159689319
 3.48 50 21.46953732585776
 3.49 50 21.86368704847209
 3.5 50 21.3997847539471
 3.51 50 21.29107382073144
 3.52 50 21.49954818811833
 3.53 50 21.37455691380755
 3.54 50 21.35355199303836
 3.55 50 21.47677459630242
 3.56 50 21.30240831438176
 3.57 50 21.64389539532207
 3.58 50 21.347963254922
 3.59 50 21.43437367396088
 3.6 50 21.24579512510204
 3.61 50 21.67659737477427
 3.62 50 21.58087934477293
 3.63 50 21.37064467571919
 3.64 50 21.66694943145716
 3.65 50 21.67956735237894
 3.66 50 21.31484280163277
 3.67 50 21.29791893502799
 3.68 50 21.63358821439718
 3.69 50 21.57871841962795
 3.7 50 21.44599098214367
 3.71 50 21.64514486707692
 3.72 50 21.51609671986883
 3.73 50 21.89332150258823
 3.74 50 21.42369601577596
 3.75 50 21.28982477403228
 3.76 50 22.02981225799526
 3.77 50 22.09775577006263
 3.78 50 21.9746651123818
 3.79 50 21.66386039730441
 3.8 50 21.90480341093885
 3.81 50 21.90067381776448
 3.82 50 21.87966291317552
 3.83 50 21.68121510264314
 3.84 50 22.06408524894355
 3.85 50 21.87634839452353
 3.86 50 21.99675366171078
 3.87 50 22.09268539206879
 3.88 50 21.79903838998165
 3.89 50 21.52003076477651
 3.9 50 21.64116234983987
 3.91 50 21.843299430712
 3.92 50 22.01353389422013
 3.93 50 21.67285781895475
 3.94 50 21.93227710658433
 3.95 50 22.19836051625332
 3.96 50 22.01956064370201
 3.97 50 22.20381264287305
 3.98 50 22.2266686545885
 3.99 50 21.88447774170506
 4 50 22.04670836852833
 4.01 50 22.04874784304242
 4.02 50 22.16010873238846
 4.03 50 22.18002006723846
 4.04 50 21.89901004833484
 4.05 50 22.3959687028076
 4.06 50 21.99492540014054
 4.07 50 22.16169136390041
 4.08 50 21.84315778643896
 4.09 50 22.13027048319186
 4.1 50 21.92865545601082
 4.11 50 21.96943989596452
 4.12 50 21.62480947974687
 4.13 50 22.07608478494328
 4.14 50 21.92881342581134
 4.15 50 22.07258080098175
 4.16 50 22.05902564604541
 4.17 50 22.16434437123422
 4.18 50 22.16703230275883
 4.19 50 21.94339103883491
 4.2 50 22.37716587046343
 4.21 50 22.16310091988326
 4.22 50 21.89998343016478
 4.23 50 21.84400748829674
 4.24 50 22.19003320950747
 4.25 50 21.95239875269274
 4.26 50 22.05903933975351
 4.27 50 21.95019801055707
 4.28 50 21.91750929995079
 4.29 50 22.10277307329724
 4.3 50 21.86882908892381
 4.31 50 21.94461372361456
 4.32 50 22.31717626751563
 4.33 50 22.13686087432369
 4.34 50 22.0805192767271
 4.350000000000001 50 22.07650467794614
 4.36 50 22.26599739210971
 4.37 50 22.13132595443716
 4.38 50 22.10128088269327
 4.39 50 22.16862232836374
 4.4 50 22.32352555629797
 4.41 50 22.24746938541611
 4.42 50 22.02104875421326
 4.43 50 22.3718286822821
 4.44 50 22.60725070609406
 4.45 50 22.07415855362346
 4.46 50 22.1719303620749
 4.47 50 22.30086371983812
 4.48 50 21.98878999300718
 4.49 50 22.22866709394707
 4.5 50 21.80587086020305
 4.51 50 22.07397260987243
 4.52 50 22.08740696945468
 4.53 50 21.77383132566089
 4.54 50 21.7883863467522
 4.55 50 22.27028731140624
 4.56 50 22.26377756838345
 4.57 50 22.32178159979968
 4.58 50 22.32757528076653
 4.59 50 22.21320637910556
 4.600000000000001 50 22.58995450482675
 4.61 50 22.05694371582514
 4.62 50 22.30056653860729
 4.63 50 22.32489772062996
 4.64 50 22.50776716027962
 4.65 50 22.26456492561925
 4.66 50 21.88596384457825
 4.67 50 22.08001632009701
 4.68 50 22.4124560634427
 4.69 50 22.37905683050668
 4.7 50 22.20283444874384
 4.71 50 22.40085517869883
 4.72 50 22.5213012134627
 4.73 50 22.36739076415867
 4.74 50 22.29203499332931
 4.75 50 22.15633403012693
 4.76 50 22.21794392768565
 4.77 50 22.46568728029803
 4.78 50 22.21476574423869
 4.79 50 22.54343047556372
 4.8 50 22.62826067934868
 4.81 50 22.08487904040339
 4.82 50 22.28878559889479
 4.83 50 22.41125144736909
 4.84 50 22.34035784966501
 4.850000000000001 50 22.61085345868242
 4.86 50 22.05452352544335
 4.87 50 22.21827601947501
 4.88 50 22.39489946016217
 4.89 50 22.30547265228788
 4.9 50 22.61199119734179
 4.91 50 22.2482316365038
 4.92 50 22.59632433878367
 4.93 50 22.42988291126857
 4.94 50 22.40304312158288
 4.95 50 22.26484206548113
 4.96 50 22.39899595733667
 4.97 50 22.22134793719577
 4.98 50 22.38273613266329
 4.99 50 22.02156125851361
 5 50 22.44081385839218
 5.01 50 22.66682623398202
 5.02 50 22.36945250279505
 5.03 50 22.25995056235177
 5.04 50 22.4977480669121
 5.05 50 22.46347231008329
 5.06 50 22.52052099576325
 5.07 50 22.52745331280714
 5.08 50 22.40960781991187
 5.09 50 22.20931255460532
 5.100000000000001 50 22.51169794204561
 5.11 50 22.67648321577234
 5.12 50 22.15465780032835
 5.13 50 22.39826127795565
 5.14 50 21.889130024471
 5.15 50 22.29322820170623
 5.16 50 22.47442325656861
 5.17 50 22.13336259912055
 5.18 50 22.26091578412727
 5.19 50 22.31972143619288
 5.2 50 22.69109849022809
 5.21 50 22.53419521143633
 5.22 50 22.48982070607861
 5.23 50 22.55926343730809
 5.24 50 22.66411759553325
 5.25 50 22.63777887383857
 5.26 50 22.14832853945149
 5.27 50 22.34308553510949
 5.28 50 22.62386012549873
 5.29 50 22.6567548443693
 5.3 50 22.41502918105146
 5.31 50 22.54144520971291
 5.32 50 22.31898024196982
 5.33 50 22.50775786661745
 5.34 50 22.29387293369525
 5.350000000000001 50 22.45630452288606
 5.36 50 22.23473011744589
 5.37 50 22.3655278177309
 5.38 50 22.59577469952498
 5.39 50 22.45264166020108
 5.4 50 22.21954743882952
 5.41 50 22.15498832617147
 5.42 50 22.32260900709577
 5.43 50 22.63010375071314
 5.44 50 22.28431250214602
 5.45 50 22.41888661760041
 5.46 50 22.86398714981067
 5.47 50 22.58522778893061
 5.48 50 22.62427979604824
 5.49 50 22.40278932928767
 5.5 50 22.46836014723547
 5.51 50 22.52370375359396
 5.52 50 22.16377514449465
 5.53 50 22.27120205179665
 5.54 50 22.39296427508758
 5.55 50 22.2205062367193
 5.56 50 22.37078129731599
 5.57 50 22.23258280378732
 5.58 50 22.62625666133458
 5.59 50 22.66347030149416
 5.600000000000001 50 22.3000360504548
 5.61 50 22.50393175795356
 5.62 50 22.48766289488634
 5.63 50 22.40326100593235
 5.64 50 22.64354406351259
 5.65 50 22.35961983078078
 5.66 50 22.4590512741433
 5.67 50 22.78394950215668
 5.68 50 22.37846295389036
 5.69 50 22.2654943648691
 5.7 50 22.97898054327576
 5.71 50 22.60267810401368
 5.72 50 22.51203502718741
 5.73 50 22.97052787225967
 5.74 50 21.96592615074997
 5.75 50 22.57820780117874
 5.76 50 22.65579223925643
 5.77 50 22.65262325240138
 5.78 50 22.97687895249015
 5.79 50 22.51409999008064
 5.8 50 22.62402257357625
 5.81 50 22.33126561579742
 5.82 50 22.5803444378496
 5.83 50 22.40244775749719
 5.84 50 22.39732148270056
 5.850000000000001 50 22.22417569854442
 5.86 50 22.54365355169666
 5.87 50 22.37358601409079
 5.88 50 22.6336489723974
 5.89 50 22.4908907641593
 5.9 50 22.42065153345391
 5.91 50 22.59062968349706
 5.92 50 22.55331162478388
 5.93 50 22.78611880961526
 5.94 50 22.56839190594906
 5.95 50 22.51205532250608
 5.96 50 22.39855401354811
 5.97 50 22.33870663286
 5.98 50 22.58815724433244
 5.99 50 22.53934581519778
 6 50 22.65074390202953
 6.01 50 22.57383885323028
 6.02 50 22.75528576681273
 6.03 50 22.5719325081893
 6.04 50 22.64782554554829
 6.05 50 22.68667142327151
 6.06 50 22.20629573275842
 6.07 50 22.57624408634836
 6.08 50 22.89940378911326
 6.09 50 22.83196291159807
 6.100000000000001 50 22.9243516289375
 6.11 50 22.88668730153918
 6.12 50 22.66923877019072
 6.13 50 22.47291618004667
 6.140000000000001 50 22.54385326879789
 6.15 50 22.35160480998389
 6.16 50 22.71399432627961
 6.17 50 22.74011576619872
 6.18 50 22.41077050285451
 6.19 50 22.51871954361586
 6.2 50 22.56786808932944
 6.21 50 22.43294131239272
 6.22 50 22.29212524471313
 6.23 50 22.68939748284122
 6.24 50 22.47490139459054
 6.25 50 22.1423297300264
 6.26 50 22.64487137006475
 6.27 50 22.38393554698356
 6.28 50 22.76371435895566
 6.29 50 22.40774745851891
 6.3 50 22.81000347831011
 6.31 50 22.54023999034003
 6.32 50 22.47656384428111
 6.33 50 22.77814976736839
 6.34 50 22.40253115135399
 6.350000000000001 50 22.36021973217343
 6.36 50 22.51366578640929
 6.37 50 22.82718936622724
 6.38 50 22.89633096151996
 6.390000000000001 50 22.79877920567668
 6.4 50 22.68235870461283
 6.41 50 22.10608955663428
 6.42 50 22.56346175091897
 6.43 50 22.57289576786575
 6.44 50 22.50015121805984
 6.45 50 22.1381733001115
 6.46 50 22.84927568523438
 6.47 50 22.51701432673444
 6.48 50 22.5976376070067
 6.49 50 22.37797578122069
 6.5 50 22.16732153056686
 6.51 50 22.82680264372635
 6.52 50 22.37768193296222
 6.53 50 22.60828214661641
 6.54 50 22.49853592773801
 6.55 50 22.42832148491654
 6.56 50 22.50135676683421
 6.57 50 22.78542874410549
 6.58 50 22.42048836561247
 6.59 50 22.20573877686069
 6.600000000000001 50 22.50041118367532
 6.61 50 22.73602675441578
 6.62 50 22.56116804251648
 6.63 50 22.50278157556748
 6.640000000000001 50 22.46665128169318
 6.65 50 22.71912496225631
 6.66 50 22.58033140605857
 6.67 50 22.53339116224128
 6.68 50 22.4391190379051
 6.69 50 22.89823895073833
 6.7 50 22.23963240781503
 6.71 50 22.68199500489047
 6.72 50 22.73147638853496
 6.73 50 22.38105893332453
 6.74 50 22.7381602494211
 6.75 50 22.78820304512625
 6.76 50 22.50557609339428
 6.77 50 22.62886720555139
 6.78 50 22.71971755533339
 6.79 50 22.36846243212104
 6.8 50 22.80767346973304
 6.81 50 22.49001307371453
 6.82 50 22.39710068704477
 6.83 50 22.52831827282471
 6.84 50 22.6391884907567
 6.850000000000001 50 22.57505951982327
 6.86 50 22.76806344607326
 6.87 50 22.31165151466801
 6.88 50 22.25036732533942
 6.890000000000001 50 22.70901040320769
 6.9 50 22.58418739708999
 6.91 50 22.60003340839672
 6.92 50 22.7156227480933
 6.93 50 22.77607208016487
 6.94 50 22.86702932165444
 6.95 50 22.7190152005193
 6.96 50 22.61279277341329
 6.97 50 22.77850942225248
 6.98 50 22.55664502236081
 6.99 50 22.61145622812828
 7 50 22.38683227206857
 7.01 50 22.77082760309351
 7.02 50 22.53786944569615
 7.03 50 22.61447063965475
 7.04 50 22.54519449287623
 7.05 50 22.3874096554661
 7.06 50 22.14002935862669
 7.07 50 22.82543704816849
 7.08 50 22.86200725785071
 7.09 50 22.92740713542599
 7.100000000000001 50 22.54321638648952
 7.11 50 22.73452096241891
 7.12 50 22.58249314346605
 7.13 50 22.71582975999732
 7.140000000000001 50 22.71385522146549
 7.15 50 22.64832632898982
 7.16 50 22.29012735430964
 7.17 50 22.60940318194822
 7.18 50 22.8178066541208
 7.19 50 22.60659036845001
 7.2 50 22.91125976195148
 7.21 50 22.91147776174459
 7.22 50 22.52654931429712
 7.23 50 22.65561672444902
 7.24 50 22.56364244874997
 7.25 50 22.63909896925433
 7.26 50 22.78530774681485
 7.27 50 22.68224665425697
 7.28 50 22.8912397560296
 7.29 50 23.09749155389987
 7.3 50 22.67108762000798
 7.31 50 22.69261638124939
 7.32 50 22.49967704352395
 7.33 50 22.7225113501004
 7.34 50 22.48572637290527
 7.350000000000001 50 22.57939090793456
 7.36 50 22.81543380751219
 7.37 50 22.834304302352
 7.38 50 22.64353571536229
 7.390000000000001 50 22.39635779919543
 7.4 50 22.96828886605824
 7.41 50 22.53230895980557
 7.42 50 22.70153602797551
 7.43 50 22.58482803151405
 7.44 50 22.51451162972376
 7.45 50 22.48656659670364
 7.46 50 22.50061895352534
 7.47 50 22.73236816847633
 7.48 50 22.57022214433228
 7.49 50 22.64980929994218
 7.5 50 22.68032369569026
 7.51 50 22.66881052783872
 7.52 50 22.51965961336592
 7.53 50 22.3850225766599
 7.54 50 22.44779957996896
 7.55 50 22.65008061664604
 7.56 50 22.68347061741239
 7.57 50 22.47311509769735
 7.58 50 22.73968975979343
 7.59 50 22.58311531240802
 7.600000000000001 50 22.47570440889809
 7.61 50 22.91143600118692
 7.62 50 22.64463119978389
 7.63 50 22.59853409770859
 7.640000000000001 50 22.67191232214997
 7.65 50 22.3142855784034
 7.66 50 22.3421599748253
 7.67 50 22.52666924086819
 7.68 50 22.81674921437601
 7.69 50 22.75795305510822
 7.7 50 22.39188155997004
 7.71 50 22.3259950990241
 7.72 50 22.54401586689672
 7.73 50 22.56823488213122
 7.74 50 22.40707357881159
 7.75 50 22.43166539675472
 7.76 50 22.66959012016146
 7.77 50 22.38529085649741
 7.78 50 23.0654485866904
 7.79 50 22.32735218740264
 7.8 50 22.68624049629183
 7.81 50 22.46354766185552
 7.82 50 22.29310510681665
 7.83 50 22.50178209368253
 7.84 50 22.33249370994449
 7.850000000000001 50 22.48347598691779
 7.86 50 22.72823395719233
 7.87 50 22.73968455190493
 7.88 50 22.408242500308
 7.890000000000001 50 22.81290367946077
 7.9 50 22.50319020083226
 7.91 50 22.5081955786535
 7.92 50 22.69338572372884
 7.930000000000001 50 22.48775461201365
 7.94 50 22.80468608117116
 7.95 50 22.66091621896503
 7.96 50 22.30057521210966
 7.97 50 22.52629991583908
 7.98 50 22.67520491416354
 7.99 50 22.64132839396473
 8 50 22.37104675201821
 8.01 50 22.52966735985245
 8.02 50 22.78439369932938
 8.029999999999999 50 22.86294174078271
 8.040000000000001 50 22.6975922963384
 8.050000000000001 50 22.75510544704282
 8.06 50 22.40215542080345
 8.07 50 22.38078617487999
 8.08 50 22.444335499345
 8.09 50 22.65745423905994
 8.1 50 22.48036788907254
 8.109999999999999 50 22.73684592832176
 8.120000000000001 50 22.6948601645079
 8.130000000000001 50 22.18871742200352
 8.140000000000001 50 22.50205161326405
 8.15 50 22.2409018224222
 8.16 50 22.84835780444414
 8.17 50 22.44747262414955
 8.18 50 22.86551310445776
 8.19 50 22.72932682278008
 8.199999999999999 50 22.56312609171721
 8.210000000000001 50 22.37077848117623
 8.220000000000001 50 22.32858191445687
 8.23 50 22.42026585501928
 8.24 50 22.74037090933185
 8.25 50 22.84878228061875
 8.26 50 23.12087949902708
 8.27 50 23.32046380278453
 8.279999999999999 50 23.13392667394961
 8.290000000000001 50 22.24303782002115
 8.300000000000001 50 22.78043741136841
 8.31 50 22.75124339699386
 8.32 50 22.6526448045887
 8.33 50 22.82075754374007
 8.34 50 22.6620112344186
 8.35 50 22.62564974093616
 8.359999999999999 50 22.67668703822595
 8.370000000000001 50 22.55172457628391
 8.380000000000001 50 22.49391073856333
 8.390000000000001 50 22.25391061899358
 8.4 50 22.28418317735686
 8.41 50 22.45373936208608
 8.42 50 22.6836081717198
 8.43 50 22.98294921367442
 8.44 50 22.6896546585356
 8.449999999999999 50 22.51482680785291
 8.460000000000001 50 22.26749443883136
 8.470000000000001 50 22.87881204490703
 8.48 50 22.70844719404674
 8.49 50 22.48162229463176
 8.5 50 22.54702484628076
 8.51 50 22.74210485984363
 8.52 50 22.59826315516602
 8.529999999999999 50 23.17532951908805
 8.540000000000001 50 22.74735138207383
 8.550000000000001 50 22.73565976174716
 8.56 50 22.09244532658224
 8.57 50 22.4390664034981
 8.58 50 22.56637321484081
 8.59 50 22.62800303309108
 8.6 50 22.47872451499839
 8.609999999999999 50 22.82045606197596
 8.620000000000001 50 22.74945947421006
 8.630000000000001 50 22.69555075473818
 8.640000000000001 50 22.67861499104329
 8.65 50 22.7407050685152
 8.66 50 22.78650220347702
 8.67 50 22.52976185058427
 8.68 50 22.79714379850483
 8.69 50 22.93337423790076
 8.700000000000001 50 22.66904284180033
 8.710000000000001 50 22.42294018560544
 8.720000000000001 50 22.93551023263489
 8.73 50 22.82723539844285
 8.74 50 22.71781191438425
 8.75 50 22.70793504441786
 8.76 50 22.37829674424386
 8.77 50 22.61113582289901
 8.779999999999999 50 22.67080850153823
 8.790000000000001 50 22.51086089546058
 8.800000000000001 50 22.8232359866545
 8.81 50 22.69174415847504
 8.82 50 22.60891136900251
 8.83 50 22.54606650491024
 8.84 50 22.52769264212449
 8.85 50 22.7186794929936
 8.859999999999999 50 22.7217983346162
 8.870000000000001 50 22.46109630485066
 8.880000000000001 50 22.96226043260273
 8.890000000000001 50 22.90766936407476
 8.9 50 22.87923453978695
 8.91 50 22.61027840514005
 8.92 50 22.90265397290032
 8.93 50 22.83074760630963
 8.94 50 22.53694360582801
 8.950000000000001 50 22.71172184114336
 8.960000000000001 50 22.39060956605348
 8.970000000000001 50 22.79168570882035
 8.98 50 22.99349922806189
 8.99 50 22.80300920141103
 9 50 22.5825458946826
 9.01 50 22.55011843426645
 9.02 50 22.41639252580611
 9.029999999999999 50 22.66718457837769
 9.040000000000001 50 22.53693620989454
 9.050000000000001 50 22.52000507922282
 9.06 50 22.79990610542978
 9.07 50 22.62627667040218
 9.08 50 22.75584567211546
 9.09 50 22.81725871643186
 9.1 50 22.90708540277526
 9.109999999999999 50 22.57082564842183
 9.120000000000001 50 22.39527333873383
 9.130000000000001 50 22.45693766058384
 9.140000000000001 50 22.79925185947035
 9.15 50 22.65213154254775
 9.16 50 22.49928343238296
 9.17 50 22.48586074365609
 9.18 50 22.73982153008206
 9.19 50 22.73688379218723
 9.200000000000001 50 22.32311241695073
 9.210000000000001 50 22.63189596862441
 9.220000000000001 50 22.71302711409993
 9.23 50 22.68261628596645
 9.24 50 22.30409712256432
 9.25 50 22.60067989045594
 9.26 50 22.74490154242669
 9.27 50 22.29173254139052
 9.279999999999999 50 22.70027897323993
 9.290000000000001 50 22.56291960338372
 9.300000000000001 50 22.93850071610821
 9.31 50 22.7924879198644
 9.32 50 22.4604205782819
 9.33 50 22.6076366294216
 9.34 50 22.71625405738395
 9.35 50 22.65948516688552
 9.359999999999999 50 22.3018034024449
 9.370000000000001 50 22.78828667420745
 9.380000000000001 50 22.47775869285938
 9.390000000000001 50 22.47422825915476
 9.4 50 22.4012317747873
 9.41 50 22.64463628128271
 9.42 50 22.83742633142628
 9.43 50 22.52970224936259
 9.44 50 22.49538670560445
 9.450000000000001 50 22.37438992349105
 9.460000000000001 50 22.3645327175827
 9.470000000000001 50 22.75809067510082
 9.48 50 22.53727117852477
 9.49 50 22.70909407573027
 9.5 50 22.8407230648698
 9.51 50 22.68294263524184
 9.52 50 23.01009326707884
 9.529999999999999 50 22.84403876294342
 9.540000000000001 50 22.43599918918931
 9.550000000000001 50 22.83200286250295
 9.56 50 22.7473487862943
 9.57 50 22.67911285042018
 9.58 50 22.62666322237978
 9.59 50 22.88832673470722
 9.6 50 22.82009424395469
 9.609999999999999 50 22.77376883745254
 9.620000000000001 50 22.9639416544435
 9.630000000000001 50 22.64223388597997
 9.640000000000001 50 22.17874822378416
 9.65 50 22.8131249128486
 9.66 50 22.57272616722399
 9.67 50 22.64133190435328
 9.68 50 22.80647049861127
 9.69 50 22.68579984030211
 9.700000000000001 50 22.95335976651188
 9.710000000000001 50 22.73047018082735
 9.720000000000001 50 22.54703180549964
 9.73 50 22.75399159310214
 9.74 50 22.8054059684244
 9.75 50 22.70170819752546
 9.76 50 22.81568406363987
 9.77 50 22.81393425381501
 9.779999999999999 50 22.68328027604734
 9.790000000000001 50 22.9048295826783
 9.800000000000001 50 22.60380413444928
 9.81 50 22.56270392709149
 9.82 50 22.56817122225024
 9.83 50 22.97956155132911
 9.84 50 22.49267424834258
 9.85 50 22.50220967485745
 9.859999999999999 50 22.59769210338694
 9.870000000000001 50 22.58895939372344
 9.880000000000001 50 23.00746691860577
 9.890000000000001 50 22.84035658635144
 9.9 50 22.4399222724377
 9.91 50 22.60883816001814
 9.92 50 22.50251126983607
 9.93 50 22.358525981017
 9.94 50 22.80980870517115
 9.950000000000001 50 22.82474308498993
 9.960000000000001 50 22.88424518936905
 9.970000000000001 50 22.65030323988842
 9.98 50 22.73405932530095
 9.99 50 22.58580865170776
 10 50 22.57632727538415
 10.01 60 22.71733210135165
 10.02 60 22.94238378916989
 10.03 60 22.44219154243569
 10.04 60 22.44080113618625
 10.05 60 22.70350998622182
 10.06 60 22.79287041780709
 10.07 60 22.9757986341211
 10.08 60 22.86350868868986
 10.09 60 22.89035493279181
 10.1 60 23.2944943155531
 10.11 60 22.97692434393904
 10.12 60 22.73771160443091
 10.13 60 23.13517919024359
 10.14 60 22.6444803513264
 10.15 60 23.16500021278869
 10.16 60 22.85679178362531
 10.17 60 22.93818155880196
 10.18 60 23.16578367058884
 10.19 60 22.86792943533757
 10.2 60 23.11654496962173
 10.21 60 23.00631203285374
 10.22 60 22.82826674413607
 10.23 60 22.98087422576506
 10.24 60 23.18248374428371
 10.25 60 22.91031951686184
 10.26 60 23.15302339956489
 10.27 60 23.07163376401103
 10.28 60 23.1815087331857
 10.29 60 23.3152043502895
 10.3 60 23.03605100544707
 10.31 60 23.69655572315938
 10.32 60 22.85391720370787
 10.33 60 23.35505969195313
 10.34 60 23.21509883581998
 10.35 60 23.54945659100925
 10.36 60 23.33309561161057
 10.37 60 23.36077953200827
 10.38 60 23.20624024155925
 10.39 60 23.86584115270124
 10.4 60 23.22755064322576
 10.41 60 23.63355731147701
 10.42 60 23.40476878511417
 10.43 60 23.66060691680627
 10.44 60 23.46654730302055
 10.45 60 23.64621674945921
 10.46 60 23.48419448668623
 10.47 60 23.34384361163798
 10.48 60 23.43072498585719
 10.49 60 23.49451784228415
 10.5 60 23.99105962377709
 10.51 60 23.50004816884362
 10.52 60 23.34399168733902
 10.53 60 23.63447664808945
 10.54 60 23.81102679954118
 10.55 60 23.86219254771864
 10.56 60 23.77296895941785
 10.57 60 23.80587778081314
 10.58 60 23.72715066030895
 10.59 60 23.62233213264708
 10.6 60 23.37641154598726
 10.61 60 23.9480767944032
 10.62 60 23.71628146673049
 10.63 60 23.88395972749393
 10.64 60 23.84595524739672
 10.65 60 23.79938234950096
 10.66 60 24.06303851036213
 10.67 60 24.1988411785895
 10.68 60 23.8158611918238
 10.69 60 24.29582119091051
 10.7 60 24.00873586986621
 10.71 60 23.9682563284475
 10.72 60 23.8669787281649
 10.73 60 24.08292114555337
 10.74 60 24.35669428206636
 10.75 60 24.00041441421044
 10.76 60 23.81363805875043
 10.77 60 23.86187818266653
 10.78 60 23.76781432983291
 10.79 60 23.56564737545968
 10.8 60 24.12072912168636
 10.81 60 24.19509430150944
 10.82 60 23.94175662258928
 10.83 60 24.08113252190882
 10.84 60 24.06758192325194
 10.85 60 24.00598593316408
 10.86 60 24.11961463348991
 10.87 60 23.77778295191493
 10.88 60 23.80078277615149
 10.89 60 24.13156253725108
 10.9 60 24.28945448618967
 10.91 60 24.08135804816515
 10.92 60 24.18779381016645
 10.93 60 24.08972914381005
 10.94 60 24.38731896428122
 10.95 60 24.22799020596623
 10.96 60 24.25536498644798
 10.97 60 23.98206512161122
 10.98 60 24.23667362460413
 10.99 60 23.82956770919357
 11 60 23.78703838312331
 11.01 60 23.99585021228961
 11.02 60 23.9647897868426
 11.03 60 24.32504009723411
 11.04 60 24.26465726795505
 11.05 60 24.18203905383763
 11.06 60 24.10571948455464
 11.07 60 24.41130119044878
 11.08 60 24.41340583028571
 11.09 60 24.0074659485614
 11.1 60 24.13032229712442
 11.11 60 24.32745268956596
 11.12 60 24.32639611939652
 11.13 60 24.00607247903998
 11.14 60 23.877926752916
 11.15 60 24.39573486965477
 11.16 60 24.11337444971818
 11.17 60 24.13382942889446
 11.18 60 24.17699398633476
 11.19 60 24.31317254387901
 11.2 60 24.40892117525369
 11.21 60 24.18090713044211
 11.22 60 24.35486468676688
 11.23 60 24.49977254183138
 11.24 60 24.40981173704214
 11.25 60 24.31893658233214
 11.26 60 24.49356411003914
 11.27 60 24.20226408645311
 11.28 60 24.20195849323312
 11.29 60 24.09143266019724
 11.3 60 24.31865497384339
 11.31 60 24.15825234834138
 11.32 60 24.67222270228791
 11.33 60 24.53179189159761
 11.34 60 24.40803835164665
 11.35 60 24.40875750639128
 11.36 60 24.42820525945119
 11.37 60 23.90860850091241
 11.38 60 24.80462227062515
 11.39 60 24.76067577637331
 11.4 60 24.39364404028155
 11.41 60 24.65207480366697
 11.42 60 24.03938105966661
 11.43 60 24.48245356769279
 11.44 60 24.66037284656875
 11.45 60 24.54550416395879
 11.46 60 24.3704679490562
 11.47 60 24.48862609250202
 11.48 60 24.33033368770233
 11.49 60 24.52634378189113
 11.5 60 24.60272775073837
 11.51 60 24.35269631171692
 11.52 60 24.45388679336988
 11.53 60 24.34086935426624
 11.54 60 24.44966339400546
 11.55 60 24.52918518164908
 11.56 60 24.42740533071071
 11.57 60 24.53945659267736
 11.58 60 24.77416803553491
 11.59 60 24.55970261527391
 11.6 60 24.21708248954273
 11.61 60 24.36731484892274
 11.62 60 24.61252915743185
 11.63 60 24.71001974272955
 11.64 60 24.81500573233861
 11.65 60 24.48254050278478
 11.66 60 24.67051088690466
 11.67 60 24.46032875252219
 11.68 60 24.37931453227877
 11.69 60 24.59780846756999
 11.7 60 24.5562017040189
 11.71 60 24.91297913625795
 11.72 60 24.96613948511986
 11.73 60 24.47706830754258
 11.74 60 24.5249107702258
 11.75 60 24.66674641019807
 11.76 60 24.30784530707631
 11.77 60 24.35738946458494
 11.78 60 24.57757795011697
 11.79 60 24.6030796582074
 11.8 60 24.57326620004638
 11.81 60 24.64383716688111
 11.82 60 24.3248992010413
 11.83 60 24.48271445666154
 11.84 60 24.69668760097264
 11.85 60 24.82751266731247
 11.86 60 24.71309699858136
 11.87 60 24.46419419599495
 11.88 60 24.91754353692569
 11.89 60 24.91636633351436
 11.9 60 24.6766412673586
 11.91 60 24.72004619507464
 11.92 60 25.05433578484776
 11.93 60 24.10408875241053
 11.94 60 24.66232962774778
 11.95 60 24.53341760731266
 11.96 60 24.5792919081107
 11.97 60 24.84520018821634
 11.98 60 24.67966603121993
 11.99 60 24.65364190504231
 12 60 24.84653282711826
 12.01 60 24.6760548618042
 12.02 60 24.65605751774707
 12.03 60 25.1081691278582
 12.04 60 24.73873091824507
 12.05 60 24.73470092756973
 12.06 60 24.60805417485182
 12.07 60 24.64514668220147
 12.08 60 24.54097514204466
 12.09 60 24.63628168967813
 12.1 60 24.80928706097879
 12.11 60 24.54870272805965
 12.12 60 25.00375172370637
 12.13 60 24.35175227568825
 12.14 60 24.71896400481169
 12.15 60 24.52164514276025
 12.16 60 24.74087172957092
 12.17 60 24.73108704322897
 12.18 60 24.91662817217798
 12.19 60 24.40430856429339
 12.2 60 24.8630869390275
 12.21 60 24.54842319600026
 12.22 60 24.88437275776644
 12.23 60 24.53695666436658
 12.24 60 25.22523409389249
 12.25 60 24.61244544009839
 12.26 60 24.85902988603706
 12.27 60 24.84678094112384
 12.28 60 25.00505446804697
 12.29 60 24.74443688907722
 12.3 60 25.11148663761343
 12.31 60 24.92446427141423
 12.32 60 24.62395898584052
 12.33 60 25.05535619829276
 12.34 60 25.1449782914429
 12.35 60 24.63665568990625
 12.36 60 24.53220187637912
 12.37 60 25.12347767308995
 12.38 60 24.2812685724195
 12.39 60 24.91968950907733
 12.4 60 24.70006320495514
 12.41 60 24.77466191537473
 12.42 60 24.92009947239117
 12.43 60 24.92767675247771
 12.44 60 24.78939513100415
 12.45 60 24.9089031859744
 12.46 60 24.60776467000171
 12.47 60 25.10148725231249
 12.48 60 24.7338056952537
 12.49 60 25.10880839882785
 12.5 60 24.67118033212011
 12.51 60 24.82407257945764
 12.52 60 24.86636752023088
 12.53 60 25.01684064012086
 12.54 60 24.96761424143616
 12.55 60 24.82981861501294
 12.56 60 24.88624492127651
 12.57 60 24.79626975249406
 12.58 60 25.02848328027748
 12.59 60 24.99543622828655
 12.6 60 24.89665384095374
 12.61 60 24.64832604797548
 12.62 60 25.03476669649348
 12.63 60 25.00976745167587
 12.64 60 24.63035656274754
 12.65 60 24.94638065655879
 12.66 60 25.13667642670532
 12.67 60 24.7213460695613
 12.68 60 24.37219377109947
 12.69 60 24.67013689108645
 12.7 60 24.55178966658485
 12.71 60 25.14261066728839
 12.72 60 25.3370650970054
 12.73 60 24.57172320082612
 12.74 60 25.01870830090184
 12.75 60 25.04340083024461
 12.76 60 25.12371356207704
 12.77 60 25.14982762646333
 12.78 60 24.97447758878219
 12.79 60 24.8159553892423
 12.8 60 25.07923572099201
 12.81 60 25.40645610054187
 12.82 60 24.88573232849311
 12.83 60 24.7265353533546
 12.84 60 24.611678222965
 12.85 60 24.8818005721673
 12.86 60 24.93321169991006
 12.87 60 24.64465436642253
 12.88 60 24.88674857727471
 12.89 60 25.11852980385717
 12.9 60 24.66385217997762
 12.91 60 24.80800887379127
 12.92 60 24.55532382538405
 12.93 60 24.63947727004272
 12.94 60 24.83022390670961
 12.95 60 24.57495244274048
 12.96 60 24.70745360605311
 12.97 60 24.97700342917522
 12.98 60 24.82447868636813
 12.99 60 24.62923950944695
 13 60 24.64157962630356
 13.01 60 25.02168104333536
 13.02 60 25.01878449624097
 13.03 60 24.92573157944487
 13.04 60 25.4379712363611
 13.05 60 24.69427788975994
 13.06 60 24.93763474131325
 13.07 60 24.96636507535088
 13.08 60 24.79334257287149
 13.09 60 24.9202270372778
 13.1 60 24.97665957721318
 13.11 60 24.65168205574944
 13.12 60 25.5436503810671
 13.13 60 25.0880878263318
 13.14 60 25.03643926426669
 13.15 60 25.08954891428145
 13.16 60 25.14434800708962
 13.17 60 24.83794747401725
 13.18 60 24.61911417746112
 13.19 60 24.86053343051931
 13.2 60 24.79257472739906
 13.21 60 24.89651317414732
 13.22 60 25.05332382206894
 13.23 60 24.78559324026937
 13.24 60 24.52490111979991
 13.25 60 24.68272854613851
 13.26 60 24.76779637641849
 13.27 60 24.82788969865281
 13.28 60 25.08444179680415
 13.29 60 24.94580167950239
 13.3 60 24.95071180784199
 13.31 60 24.96938937576227
 13.32 60 24.9267051341429
 13.33 60 25.00271979649393
 13.34 60 24.63244995402539
 13.35 60 25.06576790974956
 13.36 60 25.09889383890044
 13.37 60 25.04683686575641
 13.38 60 24.31580693775436
 13.39 60 25.05344705675936
 13.4 60 24.77947957505027
 13.41 60 24.9980441968822
 13.42 60 24.79033063775312
 13.43 60 24.93112991500892
 13.44 60 24.89880784619154
 13.45 60 25.19204792879196
 13.46 60 24.57956438731719
 13.47 60 24.53746085690962
 13.48 60 25.25209455724156
 13.49 60 24.79841558575312
 13.5 60 24.75637547251825
 13.51 60 25.14045011743146
 13.52 60 24.919635802055
 13.53 60 25.1938000372825
 13.54 60 24.68402968607673
 13.55 60 24.81102279114968
 13.56 60 24.95936028612579
 13.57 60 24.7918378626044
 13.58 60 25.02817636712262
 13.59 60 25.09401492507147
 13.6 60 25.16330475902232
 13.61 60 25.0011678589899
 13.62 60 24.82374371747162
 13.63 60 25.08562065404343
 13.64 60 25.13568437083162
 13.65 60 24.43626691935005
 13.66 60 25.30848432567882
 13.67 60 25.13969699543592
 13.68 60 24.99405226888081
 13.69 60 25.19470138821681
 13.7 60 24.68078395493231
 13.71 60 24.69430079540859
 13.72 60 24.77871671341021
 13.73 60 24.70896889868042
 13.74 60 25.2193729288674
 13.75 60 25.14291772178195
 13.76 60 24.9932922087884
 13.77 60 24.94538651856909
 13.78 60 25.00756520441749
 13.79 60 25.10439970788324
 13.8 60 25.1021023385872
 13.81 60 24.69890417257726
 13.82 60 25.31473799754533
 13.83 60 24.99499253147612
 13.84 60 25.08303474887747
 13.85 60 24.56650277523595
 13.86 60 24.84808908596476
 13.87 60 24.9663642718786
 13.88 60 24.87520439865009
 13.89 60 25.2222643278851
 13.9 60 25.09783130574555
 13.91 60 25.03793683383808
 13.92 60 24.5414757315738
 13.93 60 25.03379663588348
 13.94 60 24.70310624749576
 13.95 60 24.74772800363245
 13.96 60 24.98633502492801
 13.97 60 24.91508977091902
 13.98 60 24.95462109493691
 13.99 60 25.009410196242
 14 60 24.68026636314525
 14.01 60 24.83525817336888
 14.02 60 25.08382378021183
 14.03 60 25.04898844362588
 14.04 60 25.28123550806236
 14.05 60 24.68499768461545
 14.06 60 24.64206172966486
 14.07 60 25.03220529316366
 14.08 60 24.95961570904861
 14.09 60 24.93265701218749
 14.1 60 25.15457391685402
 14.11 60 25.09575465737587
 14.12 60 25.17166252625864
 14.13 60 25.18862304491646
 14.14 60 25.59508294161413
 14.15 60 25.43082732357509
 14.16 60 24.97093259718136
 14.17 60 25.00045858697209
 14.18 60 25.08869117176476
 14.19 60 25.02431727419193
 14.2 60 24.96152207157023
 14.21 60 24.74824504864186
 14.22 60 25.20243003841573
 14.23 60 25.1504618181597
 14.24 60 24.9820026020956
 14.25 60 25.07200808985847
 14.26 60 25.1158025488734
 14.27 60 25.05240679404588
 14.28 60 24.71084555244801
 14.29 60 25.14940624207534
 14.3 60 24.95848181878736
 14.31 60 24.85852566310855
 14.32 60 24.58812308102525
 14.33 60 24.89198249041672
 14.34 60 25.1368485263636
 14.35 60 25.31199662354663
 14.36 60 24.9005969991599
 14.37 60 25.05950849760281
 14.38 60 25.03229149427959
 14.39 60 25.18737907597499
 14.4 60 25.1604860712884
 14.41 60 24.83582677850532
 14.42 60 25.01912046338229
 14.43 60 25.22198841745474
 14.44 60 25.2126152202782
 14.45 60 25.15654814531666
 14.46 60 24.96654075101446
 14.47 60 24.68895711344415
 14.48 60 24.86024397961909
 14.49 60 25.06444007887508
 14.5 60 24.65643236851587
 14.51 60 24.76204007607157
 14.52 60 24.92431631351925
 14.53 60 25.34185591046998
 14.54 60 24.96574469067237
 14.55 60 25.24305002909891
 14.56 60 25.03690608046286
 14.57 60 25.09165520604893
 14.58 60 25.27028651220714
 14.59 60 24.97272411421972
 14.6 60 25.35235404457876
 14.61 60 25.09349754203614
 14.62 60 24.71017859635569
 14.63 60 25.27760127172457
 14.64 60 25.22210176533255
 14.65 60 25.0763185395743
 14.66 60 25.52323699234102
 14.67 60 24.69613920196817
 14.68 60 24.9521137574302
 14.69 60 24.8433781603057
 14.7 60 24.65397558602961
 14.71 60 24.77009848163202
 14.72 60 25.25572316826084
 14.73 60 24.80075226059446
 14.74 60 25.08056811025621
 14.75 60 24.80916544814492
 14.76 60 25.19700475228365
 14.77 60 24.79511232523193
 14.78 60 24.92386935420482
 14.79 60 24.64867444430856
 14.8 60 24.84842608613324
 14.81 60 24.94846495695502
 14.82 60 25.06535331344159
 14.83 60 25.0235863048185
 14.84 60 24.87215551640718
 14.85 60 25.44835232578718
 14.86 60 24.82753149139551
 14.87 60 25.0785544944097
 14.88 60 25.13116571521743
 14.89 60 25.02463612855793
 14.9 60 25.16483167694285
 14.91 60 24.84953689622862
 14.92 60 25.02597429691536
 14.93 60 24.99610135084108
 14.94 60 24.96810770356712
 14.95 60 24.74836849511556
 14.96 60 25.0365540804974
 14.97 60 25.22431219201205
 14.98 60 24.88969216306112
 14.99 60 24.92301333713305
 15 60 24.78210497510051
 15.01 60 24.7877454524357
 15.02 60 25.10872708488086
 15.03 60 25.26699116068756
 15.04 60 24.749822811662
 15.05 60 24.87022601289497
 15.06 60 24.78999910265295
 15.07 60 24.82121787977669
 15.08 60 24.90063448216343
 15.09 60 24.67817893927746
 15.1 60 24.72663253705009
 15.11 60 25.07330109362703
 15.12 60 25.15757385158
 15.13 60 25.23225572138987
 15.14 60 24.87933023012375
 15.15 60 25.01944964551218
 15.16 60 24.96654395241725
 15.17 60 24.94087971394683
 15.18 60 24.90744188153098
 15.19 60 24.89497927923908
 15.2 60 25.07202125392914
 15.21 60 25.00624161737147
 15.22 60 25.24142139828088
 15.23 60 24.71991548069511
 15.24 60 25.2061287636372
 15.25 60 25.27812399672501
 15.26 60 25.26931554977656
 15.27 60 25.03866616547767
 15.28 60 24.93579232174961
 15.29 60 25.16516994392068
 15.3 60 24.99030784553974
 15.31 60 24.94986456129121
 15.32 60 24.89981093813008
 15.33 60 24.64560125340788
 15.34 60 24.92404690998373
 15.35 60 25.1037963348266
 15.36 60 24.82416906716941
 15.37 60 25.10528776648377
 15.38 60 24.86093323305296
 15.39 60 25.27183537142741
 15.4 60 24.99332388447237
 15.41 60 25.20759214923482
 15.42 60 25.03568343550192
 15.43 60 25.24254477399044
 15.44 60 25.0223847064392
 15.45 60 25.22292572460547
 15.46 60 25.03446203955983
 15.47 60 25.00926916222183
 15.48 60 25.09776243195381
 15.49 60 24.71448137772908
 15.5 60 25.30700998263658
 15.51 60 25.00608588561965
 15.52 60 25.14097883662285
 15.53 60 24.81091787936214
 15.54 60 24.57721951828171
 15.55 60 24.81855854720638
 15.56 60 24.78303271410793
 15.57 60 24.79287575794127
 15.58 60 25.07932143282493
 15.59 60 24.85529130710599
 15.6 60 25.0252706661933
 15.61 60 25.11041414154242
 15.62 60 25.06838808577955
 15.63 60 25.21974910149476
 15.64 60 24.83513507578489
 15.65 60 24.96263842318552
 15.66 60 24.75281668954524
 15.67 60 24.84806424499046
 15.68 60 24.86447280282796
 15.69 60 24.87033661100537
 15.7 60 25.04218183027362
 15.71 60 24.79462609300309
 15.72 60 25.14369151789537
 15.73 60 25.28094689464174
 15.74 60 25.08955049924041
 15.75 60 24.91821328518395
 15.76 60 25.07960489667277
 15.77 60 25.00038473398705
 15.78 60 24.76484213192223
 15.79 60 25.04010696710652
 15.8 60 24.89058694400243
 15.81 60 24.59484604593833
 15.82 60 24.95574419473674
 15.83 60 25.14230350239422
 15.84 60 24.53730367058821
 15.85 60 24.6105194589945
 15.86 60 25.22168039510683
 15.87 60 25.15045767207531
 15.88 60 24.97399532812727
 15.89 60 24.98416910073324
 15.9 60 24.91809740139274
 15.91 60 24.753699070155
 15.92 60 24.738770119449
 15.93 60 24.70911989441672
 15.94 60 25.06689717956524
 15.95 60 24.76128249286773
 15.96 60 24.8356387199853
 15.97 60 25.27667810512988
 15.98 60 24.96693523174329
 15.99 60 24.91561077000584
 16 60 25.04484400012285
 16.01 60 25.03425336049321
 16.02 60 24.94022369060202
 16.03 60 24.52397738994115
 16.04 60 24.84782301021319
 16.05 60 25.23092245993425
 16.06 60 25.00504055394822
 16.07 60 25.0084369954194
 16.08 60 25.00091547889736
 16.09 60 24.72115269512291
 16.1 60 25.08005414775662
 16.11 60 25.22400504061458
 16.12 60 25.32067428133342
 16.13 60 24.72751044370727
 16.14 60 24.65925630461573
 16.15 60 25.38613358370373
 16.16 60 25.24217744733174
 16.17 60 24.73207915161198
 16.18 60 24.79712402228843
 16.19 60 24.8898014116814
 16.2 60 24.99563701329699
 16.21 60 25.00418348886674
 16.22 60 25.1008462076452
 16.23 60 24.52207331868511
 16.24 60 24.75455612235827
 16.25 60 25.03250192107984
 16.26 60 25.06850340597429
 16.27 60 25.10184007393626
 16.28 60 24.95241502615858
 16.29 60 25.02567342715227
 16.3 60 24.55931202432803
 16.31 60 25.00629691205949
 16.32 60 24.68795062178557
 16.33 60 24.81798016737107
 16.34 60 24.90418984559413
 16.35 60 24.98020907413563
 16.36 60 24.65727817016051
 16.37 60 25.21113390022499
 16.38 60 24.64487142527446
 16.39 60 24.97073108273851
 16.4 60 25.07881373314498
 16.41 60 24.94071924698445
 16.42 60 25.08215056481714
 16.43 60 25.0819898884433
 16.44 60 25.26465356741623
 16.45 60 25.13920999613822
 16.46 60 25.13673229456145
 16.47 60 24.84615869829081
 16.48 60 24.98469960981804
 16.49 60 24.98542599598612
 16.5 60 24.96110572731655
 16.51 60 24.62925337923054
 16.52 60 24.79467995128875
 16.53 60 25.54859982414291
 16.54 60 25.2088883450017
 16.55 60 25.05716946652907
 16.56 60 25.08465478977961
 16.57 60 24.94364809345495
 16.58 60 25.05383549161417
 16.59 60 24.63452474505498
 16.6 60 25.05348463282492
 16.61 60 25.19915153558136
 16.62 60 24.79503811756365
 16.63 60 25.09203509418258
 16.64 60 25.05207104301628
 16.65 60 24.79243942513842
 16.66 60 25.03721626305856
 16.67 60 24.889524130468
 16.68 60 24.84146191810222
 16.69 60 24.82972175194891
 16.7 60 25.00631194057519
 16.71 60 25.19235904604212
 16.72 60 24.76666499325521
 16.73 60 25.18526502543054
 16.74 60 25.14895169567039
 16.75 60 24.95878471194709
 16.76 60 24.81438822246998
 16.77 60 24.92333898970117
 16.78 60 24.81026840129133
 16.79 60 24.94207392077594
 16.8 60 25.21909256271478
 16.81 60 24.95927988048561
 16.82 60 25.06994941423772
 16.83 60 25.08111074542664
 16.84 60 25.0543489964567
 16.85 60 24.94729790244667
 16.86 60 24.93563937415728
 16.87 60 24.75103570339184
 16.88 60 25.17548040717542
 16.89 60 25.03944498882137
 16.9 60 24.49405613426245
 16.91 60 25.20111378672147
 16.92 60 25.02439076048222
 16.93 60 25.10694275670147
 16.94 60 25.09111544134567
 16.95 60 25.30563176779694
 16.96 60 25.2346489093114
 16.97 60 25.14543726725375
 16.98 60 24.91191387494727
 16.99 60 24.95804597389015
 17 60 24.65391899610357
 17.01 60 24.91028423059931
 17.02 60 24.91339640386741
 17.03 60 25.00779307969446
 17.04 60 25.22929619797091
 17.05 60 24.88947055032365
 17.06 60 25.0190612812182
 17.07 60 25.1111897801819
 17.08 60 24.50232871598395
 17.09 60 25.03166197061842
 17.1 60 24.86612645651851
 17.11 60 24.94723842444988
 17.12 60 24.87042149434776
 17.13 60 24.82272279021202
 17.14 60 25.19714585573386
 17.15 60 25.01607750993334
 17.16 60 24.96883757549397
 17.17 60 25.2062840680388
 17.18 60 24.9930988313019
 17.19 60 25.21966260593425
 17.2 60 24.97939523500166
 17.21 60 24.85682538744739
 17.22 60 25.05012199246789
 17.23 60 25.04200241718306
 17.24 60 24.97977966640998
 17.25 60 24.94077003602968
 17.26 60 24.84821552189825
 17.27 60 24.91863702131772
 17.28 60 25.02391730395779
 17.29 60 24.81599899823454
 17.3 60 24.84201944495866
 17.31 60 25.08435422956293
 17.32 60 25.17318991078453
 17.33 60 25.13273785918168
 17.34 60 25.33089751059774
 17.35 60 24.76262499785016
 17.36 60 25.11089894616714
 17.37 60 24.97928278226292
 17.38 60 24.69326689465771
 17.39 60 25.21951048734431
 17.4 60 25.14847623426699
 17.41 60 25.19477834324158
 17.42 60 24.91922095204036
 17.43 60 24.8891337430755
 17.44 60 25.10180889166727
 17.45 60 25.04422530261294
 17.46 60 24.88756427709813
 17.47 60 25.00089697401841
 17.48 60 24.90873120033125
 17.49 60 25.04884037910687
 17.5 60 25.14894577494576
 17.51 60 24.61903036887561
 17.52 60 24.85472190263672
 17.53 60 25.27340013932964
 17.54 60 25.12345084884938
 17.55 60 24.94918683277071
 17.56 60 24.79751182185142
 17.57 60 25.15955482003002
 17.58 60 25.05418274134905
 17.59 60 24.87466407066636
 17.6 60 24.88798735101837
 17.61 60 24.85867661223266
 17.62 60 24.86278604579751
 17.63 60 25.09876295489691
 17.64 60 24.8706456803366
 17.65 60 24.98630387758112
 17.66 60 25.04204821911085
 17.67 60 25.10990030612441
 17.68 60 24.92416906519242
 17.69 60 25.03054668091808
 17.7 60 25.00092525649755
 17.71 60 24.95117192663383
 17.72 60 24.86319569674954
 17.73 60 25.19889793735135
 17.74 60 25.14745849751426
 17.75 60 24.89491646431623
 17.76 60 24.7820132800783
 17.77 60 24.84873146425701
 17.78 60 25.04228965268928
 17.79 60 24.71418654849181
 17.8 60 25.10327791181153
 17.81 60 25.24810322712642
 17.82 60 25.0838677069905
 17.83 60 24.69648418888352
 17.84 60 25.09789266111168
 17.85 60 24.99298037249644
 17.86 60 24.80147602085076
 17.87 60 25.0242032319605
 17.88 60 25.15038698875786
 17.89 60 25.17440957707583
 17.9 60 24.6828247915119
 17.91 60 25.06231525477212
 17.92 60 24.88719584978895
 17.93 60 24.92987816915585
 17.94 60 24.99772365852719
 17.95 60 25.12911820122797
 17.96 60 24.95202732015746
 17.97 60 24.90946373482796
 17.98 60 25.02464143110318
 17.99 60 24.89110864744653
 18 60 25.18076757607993
 18.01 60 24.56909028144842
 18.02 60 25.13507877098303
 18.03 60 25.17810995992145
 18.04 60 24.9545758866237
 18.05 60 25.173156658675
 18.06 60 25.18949860280603
 18.07 60 24.7282663816525
 18.08 60 24.87700595760888
 18.09 60 24.90470068351456
 18.1 60 24.80189782508958
 18.11 60 24.95895703192859
 18.12 60 25.43140480737729
 18.13 60 24.92858348929532
 18.14 60 25.19161391906067
 18.15 60 24.63062588911311
 18.16 60 24.49137341709777
 18.17 60 25.03741074505782
 18.18 60 25.56612984612855
 18.19 60 24.77845969317771
 18.2 60 25.32493964627797
 18.21 60 25.28344221974869
 18.22 60 24.90452565865
 18.23 60 25.26764865859783
 18.24 60 25.06710303628403
 18.25 60 25.00624806042585
 18.26 60 24.87956602810749
 18.27 60 24.77856445415766
 18.28 60 24.70198509835288
 18.29 60 24.94572709883589
 18.3 60 24.88230371155436
 18.31 60 25.22509872603892
 18.32 60 24.90333172075312
 18.33 60 24.93873585422325
 18.34 60 24.62561740124776
 18.35 60 24.98480984187977
 18.36 60 25.12262278018762
 18.37 60 24.99030019148075
 18.38 60 25.23869120976755
 18.39 60 25.19100659827732
 18.4 60 24.74601323847365
 18.41 60 24.90491205704916
 18.42 60 24.95007765014049
 18.43 60 24.79031991068077
 18.44 60 24.97971186951825
 18.45 60 25.2061297309947
 18.46 60 24.68011212426213
 18.47 60 24.87376318341366
 18.48 60 24.9892069335735
 18.49 60 25.13337872499541
 18.5 60 25.20207021460094
 18.51 60 24.92139863284754
 18.52 60 24.89975987014007
 18.53 60 25.13163345460927
 18.54 60 25.09298947572054
 18.55 60 24.88359495416669
 18.56 60 25.13127955688797
 18.57 60 24.7351855007188
 18.58 60 24.91888631623959
 18.59 60 25.18151732955356
 18.6 60 25.14148932596252
 18.61 60 25.03130448657171
 18.62 60 25.06887675320256
 18.63 60 24.92262910346778
 18.64 60 25.18347795976912
 18.65 60 24.92844877719945
 18.66 60 24.75129314322522
 18.67 60 25.06670582881417
 18.68 60 24.7699615548177
 18.69 60 24.85289305045991
 18.7 60 24.58438899672549
 18.71 60 24.89151438051368
 18.72 60 24.99679792367754
 18.73 60 24.89379992354904
 18.74 60 24.9418844422043
 18.75 60 24.84989206904321
 18.76 60 24.70749348940054
 18.77 60 24.79953028171602
 18.78 60 25.02161791359573
 18.79 60 24.91241017399756
 18.8 60 24.89429583388107
 18.81 60 25.22500279332309
 18.82 60 24.8500861031815
 18.83 60 24.83820726867811
 18.84 60 25.15639266811644
 18.85 60 25.09076232633664
 18.86 60 24.94614504848354
 18.87 60 24.80263934766792
 18.88 60 24.94187239489876
 18.89 60 25.05479617205486
 18.9 60 24.87665886293956
 18.91 60 25.28959410341226
 18.92 60 25.22902065301447
 18.93 60 24.86445735730561
 18.94 60 25.18062997674671
 18.95 60 25.06826304243562
 18.96 60 25.10383567788714
 18.97 60 24.7948439493163
 18.98 60 24.79603160548368
 18.99 60 25.21106737792338
 19 60 24.82880445023062
 19.01 60 25.09872371900249
 19.02 60 25.07381488796955
 19.03 60 25.09064880221805
 19.04 60 25.24814102207973
 19.05 60 25.345562624195
 19.06 60 24.7377935329811
 19.07 60 25.18347766511709
 19.08 60 24.98416381315359
 19.09 60 24.52852313165109
 19.1 60 25.41280834225027
 19.11 60 25.00428763520523
 19.12 60 24.67191491338665
 19.13 60 24.9584064148816
 19.14 60 25.18079519034838
 19.15 60 25.08518404423612
 19.16 60 25.34203770213335
 19.17 60 25.0129297415364
 19.18 60 24.83566607302313
 19.19 60 25.18234136514758
 19.2 60 25.01145599437691
 19.21 60 25.12205170175492
 19.22 60 24.61827656400438
 19.23 60 24.66535141767751
 19.24 60 25.36236990510762
 19.25 60 25.09161571650469
 19.26 60 24.8917695895955
 19.27 60 24.67247799507454
 19.28 60 24.88913365314098
 19.29 60 25.0940325509942
 19.3 60 25.17187803168383
 19.31 60 24.72401783226255
 19.32 60 24.64718946036155
 19.33 60 24.60901969875907
 19.34 60 24.88875423550963
 19.35 60 25.36219528666189
 19.36 60 25.27119582463103
 19.37 60 25.32636691133293
 19.38 60 25.09090329998865
 19.39 60 24.6101335227235
 19.4 60 25.00284950595353
 19.41 60 24.73411112939619
 19.42 60 24.6448230638424
 19.43 60 24.66968349150625
 19.44 60 24.85176279791703
 19.45 60 25.26683360788036
 19.46 60 24.58448488110562
 19.47 60 25.03261308447858
 19.48 60 24.94079469459061
 19.49 60 25.17928021315389
 19.5 60 25.02300090324744
 19.51 60 24.88881316814215
 19.52 60 25.20226228953833
 19.53 60 24.87435602022847
 19.54 60 24.57266848310028
 19.55 60 25.25549402494515
 19.56 60 25.14284063941248
 19.57 60 24.79729375969881
 19.58 60 25.13446363137749
 19.59 60 25.25289645339747
 19.6 60 24.8084315979041
 19.61 60 24.82988458254237
 19.62 60 25.01902814809029
 19.63 60 25.28568290319118
 19.64 60 25.26680707102973
 19.65 60 24.9316889473259
 19.66 60 24.95042535036024
 19.67 60 25.05384394476932
 19.68 60 24.84861677008035
 19.69 60 25.16100975934717
 19.7 60 24.96132657831401
 19.71 60 25.32363544808785
 19.72 60 24.81043404712722
 19.73 60 25.11075611964111
 19.74 60 24.61880379262187
 19.75 60 24.83400499441549
 19.76 60 25.26332886264173
 19.77 60 25.1841395283536
 19.78 60 24.84741195410383
 19.79 60 24.94326078567632
 19.8 60 24.77783745381443
 19.81 60 24.92371065689215
 19.82 60 24.76831461949607
 19.83 60 25.18305645913024
 19.84 60 25.12745974062461
 19.85 60 24.63983593352112
 19.86 60 25.0320691808668
 19.87 60 25.41491921932937
 19.88 60 24.87669841964513
 19.89 60 25.32712818648829
 19.9 60 25.06924595614556
 19.91 60 24.66058229674477
 19.92 60 24.95847534051983
 19.93 60 25.18391587031416
 19.94 60 25.01697083418077
 19.95 60 25.04832109686291
 19.96 60 24.69618390898414
 19.97 60 24.94672320628515
 19.98 60 24.84751105142507
 19.99 60 24.84154928333214
 20 60 25.0398230722689
 20.01 60 24.78683992281732
 20.02 60 24.85080847131034
 20.03 60 24.66163458300481
 20.04 60 25.10173572175884
 20.05 60 25.14187684615438
 20.06 60 24.82490180471073
 20.07 60 24.85091693031009
 20.08 60 24.85729253289738
 20.09 60 24.91326531256705
 20.1 60 24.99037003085891
 20.11 60 24.60995608749618
 20.12 60 25.23189606825189
 20.13 60 25.24313793504914
 20.14 60 25.00684850175094
 20.15 60 25.06774864757845
 20.16 60 25.20261183809316
 20.17 60 25.17591555312214
 20.18 60 25.29129099671833
 20.19 60 24.88816565191615
 20.2 60 25.12978209160413
 20.21 60 25.09605855641863
 20.22 60 24.84374088459894
 20.23 60 25.153583200237
 20.24 60 25.13716644428316
 20.25 60 24.79571065738953
 20.26 60 24.6696208220793
 20.27 60 24.98047385808045
 20.28 60 25.04094743136573
 20.29 60 24.75709902838798
 20.3 60 25.37035079071292
 20.31 60 25.00954185587919
 20.32 60 24.63319764999192
 20.33 60 25.52332420864667
 20.34 60 25.10855254170426
 20.35 60 24.96285793543662
 20.36 60 24.82705636554396
 20.37 60 25.31339788628098
 20.38 60 24.69153758994769
 20.39 60 24.99689891297075
 20.4 60 24.70503927788173
 20.41 60 24.99629811133644
 20.42 60 24.80276054827076
 20.43 60 25.32610665811626
 20.44 60 25.27180851035056
 20.45 60 24.76176516654284
 20.46 60 25.06867129840679
 20.47 60 25.26914376600691
 20.48 60 25.39376359749094
 20.49 60 25.36557725916824
 20.5 60 25.21211172655896
 20.51 60 24.78422447946058
 20.52 60 25.1644270054354
 20.53 60 25.081657051276
 20.54 60 24.94469029942568
 20.55 60 24.90728705445129
 20.56 60 24.83923407294766
 20.57 60 24.82631149389748
 20.58 60 24.81946233186798
 20.59 60 25.03314077531383
 20.6 60 25.06451615643125
 20.61 60 25.47084697782486
 20.62 60 25.02138710886878
 20.63 60 24.89642857991734
 20.64 60 24.95269407242216
 20.65 60 24.74355081431157
 20.66 60 24.9069407663497
 20.67 60 24.90013817584274
 20.68 60 24.79198395289567
 20.69 60 24.68833296934444
 20.7 60 24.68956070036871
 20.71 60 24.84088016780074
 20.72 60 24.63232480272922
 20.73 60 24.77970961749832
 20.74 60 24.79675158997158
 20.75 60 24.85353144131164
 20.76 60 24.85578993690681
 20.77 60 24.89368348041667
 20.78 60 25.04011839247064
 20.79 60 24.85382879862852
 20.8 60 25.19258845871848
 20.81 60 24.76358015239327
 20.82 60 24.9377285830836
 20.83 60 24.81761174487372
 20.84 60 25.38338457632585
 20.85 60 24.9998672495648
 20.86 60 24.90620362592053
 20.87 60 25.07761760979979
 20.88 60 25.30618893175485
 20.89 60 25.00689543424766
 20.9 60 25.11966766518775
 20.91 60 24.82649635576501
 20.92 60 25.35716398905937
 20.93 60 24.70169909172573
 20.94 60 25.17704279216904
 20.95 60 25.02984898688874
 20.96 60 24.85494987976548
 20.97 60 24.82878912647635
 20.98 60 24.80605485974147
 20.99 60 25.0288296752182
 21 60 25.46603362286554
 21.01 60 24.68577939203894
 21.02 60 25.00896452031965
 21.03 60 24.99922891879498
 21.04 60 24.83295664345977
 21.05 60 25.03596038128898
 21.06 60 24.98509777585333
 21.07 60 24.92460691137489
 21.08 60 24.78935753419399
 21.09 60 24.95302582088084
 21.1 60 25.13765236341654
 21.11 60 24.7860201919666
 21.12 60 24.58563788864107
 21.13 60 24.92971429150172
 21.14 60 24.95459439065979
 21.15 60 24.70474439800035
 21.16 60 24.90794182955069
 21.17 60 25.02108472570732
 21.18 60 25.03332372110732
 21.19 60 24.65408317870545
 21.2 60 25.01625264720228
 21.21 60 24.93769444722109
 21.22 60 24.8728511516044
 21.23 60 25.06086161148092
 21.24 60 25.03616028490101
 21.25 60 25.05337138980369
 21.26 60 24.88549778259235
 21.27 60 25.05363709863223
 21.28 60 24.84715322832877
 21.29 60 25.1345851839385
 21.3 60 25.00431927637765
 21.31 60 25.1860649073329
 21.32 60 25.03632134058475
 21.33 60 25.19028076688264
 21.34 60 24.86679237853171
 21.35 60 24.88558623985645
 21.36 60 25.05040209340415
 21.37 60 25.111111413027
 21.38 60 24.90831103902708
 21.39 60 25.03811518492105
 21.4 60 24.88026430566177
 21.41 60 24.71179936719146
 21.42 60 25.02936094223535
 21.43 60 25.05164384654432
 21.44 60 24.85077838234477
 21.45 60 24.86935223668204
 21.46 60 25.23761664682799
 21.47 60 25.00392481305731
 21.48 60 25.10750631846518
 21.49 60 25.07148843503917
 21.5 60 25.16565947925628
 21.51 60 25.07602069046228
 21.52 60 25.25381016200688
 21.53 60 24.79179219093312
 21.54 60 24.93061900551983
 21.55 60 24.91725248735742
 21.56 60 24.90486386532565
 21.57 60 24.78454977197651
 21.58 60 24.87724809766489
 21.59 60 25.0739935935651
 21.6 60 25.17279492543913
 21.61 60 25.14911760946999
 21.62 60 25.05072884515262
 21.63 60 25.15226108527677
 21.64 60 25.14117089897447
 21.65 60 24.98336431241663
 21.66 60 25.11043717846377
 21.67 60 24.99381975207908
 21.68 60 25.26960862287178
 21.69 60 24.56606290084066
 21.7 60 25.07752912345362
 21.71 60 25.09741574625478
 21.72 60 25.05371856934422
 21.73 60 25.0813690550351
 21.74 60 24.83268906401921
 21.75 60 24.69198791627958
 21.76 60 25.08696302155995
 21.77 60 24.98465904563432
 21.78 60 24.7548881776212
 21.79 60 24.74027776086724
 21.8 60 24.98339649628906
 21.81 60 25.00324267253547
 21.82 60 24.96765078156927
 21.83 60 25.17526916969269
 21.84 60 25.20384234201744
 21.85 60 24.79601099773458
 21.86 60 25.33090674432123
 21.87 60 25.42145828804703
 21.88 60 25.09474720405857
 21.89 60 25.04585269487907
 21.9 60 24.74815434635721
 21.91 60 25.06636942810184
 21.92 60 25.20235599335459
 21.93 60 25.22815544211572
 21.94 60 24.6858792513337
 21.95 60 25.3048295808327
 21.96 60 25.0030818326209
 21.97 60 25.02950523612558
 21.98 60 24.94137821378704
 21.99 60 25.32245997145433
 22 60 25.31687658552341
 22.01 60 24.7863864150019
 22.02 60 25.09235126048227
 22.03 60 24.74764045946426
 22.04 60 25.13141328345916
 22.05 60 25.21628992307697
 22.06 60 25.26550016925789
 22.07 60 24.81757153104
 22.08 60 25.31797168359229
 22.09 60 25.12147112439675
 22.1 60 25.10457199899213
 22.11 60 25.06716445792904
 22.12 60 24.77790740241822
 22.13 60 24.91181363324988
 22.14 60 25.06650066674769
 22.15 60 25.26622061888621
 22.16 60 24.85550096746085
 22.17 60 24.81251890049007
 22.18 60 25.06081667408122
 22.19 60 25.05110769016649
 22.2 60 25.35012267360116
 22.21 60 24.66092118600081
 22.22 60 25.24332551883636
 22.23 60 24.86894213814685
 22.24 60 25.02798234475281
 22.25 60 25.22135465093218
 22.26 60 24.5911690993043
 22.27 60 24.93197603268035
 22.28 60 24.97149878058553
 22.29 60 25.33821646767392
 22.3 60 25.22459808581419
 22.31 60 24.57097996868349
 22.32 60 24.82968717013821
 22.33 60 25.08269397149016
 22.34 60 25.1658319481234
 22.35 60 25.43614112791865
 22.36 60 25.03064634117468
 22.37 60 24.82515442643629
 22.38 60 25.23633318693362
 22.39 60 24.9807703024219
 22.4 60 24.90710565658975
 22.41 60 24.96509725854735
 22.42 60 25.20320892103405
 22.43 60 24.96264010642297
 22.44 60 24.95198067070188
 22.45 60 24.91980437205065
 22.46 60 24.92994828757138
 22.47 60 25.24107279445451
 22.48 60 24.80998959421821
 22.49 60 25.17933640432097
 22.5 60 25.17396395143187
 22.51 60 24.87908050624136
 22.52 60 24.83024475044702
 22.53 60 24.88737524474152
 22.54 60 24.75769123950321
 22.55 60 25.11192258884979
 22.56 60 24.86060496543239
 22.57 60 24.81177191070359
 22.58 60 24.84634437631385
 22.59 60 24.6182138823847
 22.6 60 24.95024368886678
 22.61 60 25.38483607873238
 22.62 60 25.09618395653181
 22.63 60 24.65750602356702
 22.64 60 24.96439584988038
 22.65 60 25.09281875541587
 22.66 60 25.04387143961965
 22.67 60 25.06273755994723
 22.68 60 24.77507270196972
 22.69 60 25.02437979890646
 22.7 60 24.68688632357165
 22.71 60 25.03131046569101
 22.72 60 24.92466306624169
 22.73 60 24.91822475941013
 22.74 60 24.50957787784716
 22.75 60 25.14429513552054
 22.76 60 25.40250324603383
 22.77 60 24.83903523016744
 22.78 60 24.63817044175202
 22.79 60 25.17900328392916
 22.8 60 24.95588576392018
 22.81 60 24.92466807099022
 22.82 60 25.17921490128571
 22.83 60 24.95992122346379
 22.84 60 24.63193054965414
 22.85 60 25.0780813523364
 22.86 60 25.35349716160885
 22.87 60 24.96547107962502
 22.88 60 24.65175615508448
 22.89 60 24.83386411442588
 22.9 60 24.68467429563819
 22.91 60 25.1007992932066
 22.92 60 25.13136431311959
 22.93 60 24.93511872107587
 22.94 60 25.26428173593303
 22.95 60 24.91023343453815
 22.96 60 25.07655443843089
 22.97 60 25.02488826765948
 22.98 60 25.02486287946381
 22.99 60 24.77145866686243
 23 60 25.28699785137457
 23.01 60 24.99722317395894
 23.02 60 25.03718179556804
 23.03 60 24.72376485552276
 23.04 60 25.05396109153477
 23.05 60 25.47604004257404
 23.06 60 24.57600159959568
 23.07 60 25.09239424964198
 23.08 60 24.69140444616892
 23.09 60 24.73295901809227
 23.1 60 24.74552790047199
 23.11 60 25.02083492894078
 23.12 60 25.01892029183305
 23.13 60 25.30320884073646
 23.14 60 24.89893150007817
 23.15 60 25.15692949541156
 23.16 60 25.22403837065268
 23.17 60 24.87518215149599
 23.18 60 25.00494725313156
 23.19 60 25.11936947629976
 23.2 60 25.08963578698595
 23.21 60 24.8049453977698
 23.22 60 24.89703659499848
 23.23 60 25.64205462489166
 23.24 60 25.09819063583662
 23.25 60 24.59215619755225
 23.26 60 24.85520830827135
 23.27 60 24.97692197815186
 23.28 60 24.74894519350677
 23.29 60 25.13851802974546
 23.3 60 24.81579773530418
 23.31 60 24.9485196042646
 23.32 60 25.02006566210206
 23.33 60 24.92661409894258
 23.34 60 25.21511359282544
 23.35 60 24.98530705142672
 23.36 60 25.11236336590129
 23.37 60 24.6186161996823
 23.38 60 24.50819802873904
 23.39 60 25.15745202834928
 23.4 60 24.9008076223304
 23.41 60 25.21808247517215
 23.42 60 24.93093488747981
 23.43 60 25.29278003649059
 23.44 60 25.46666806754772
 23.45 60 25.01597615333499
 23.46 60 25.10207015634794
 23.47 60 25.09024320708893
 23.48 60 24.63846141453952
 23.49 60 24.66283273247487
 23.5 60 25.02461938659415
 23.51 60 25.42402495145627
 23.52 60 24.98173929285036
 23.53 60 24.81230966208197
 23.54 60 25.27862019858098
 23.55 60 25.43351035630286
 23.56 60 24.59301564021271
 23.57 60 25.06972489899726
 23.58 60 24.5712412285985
 23.59 60 25.33934054221229
 23.6 60 25.15346073763536
 23.61 60 25.33188712499984
 23.62 60 24.80610666027321
 23.63 60 24.99108618058538
 23.64 60 25.24862291785943
 23.65 60 24.96812345241527
 23.66 60 25.10808042456854
 23.67 60 24.91204263360455
 23.68 60 25.18607079231969
 23.69 60 24.93372585296695
 23.7 60 25.00948292349258
 23.71 60 24.81405908872389
 23.72 60 24.81410206549377
 23.73 60 24.48836858232394
 23.74 60 25.14126024440762
 23.75 60 25.06485396991981
 23.76 60 25.36086662375113
 23.77 60 24.96646452693466
 23.78 60 24.82647657377835
 23.79 60 25.09332323186603
 23.8 60 25.08359741216116
 23.81 60 25.20632239010706
 23.82 60 25.23189362480708
 23.83 60 24.98558218709918
 23.84 60 25.27734901287185
 23.85 60 25.27786503551562
 23.86 60 25.17509221657258
 23.87 60 25.08971495315572
 23.88 60 25.07156606742886
 23.89 60 24.7569903625117
 23.9 60 24.7665909660907
 23.91 60 24.93236228252552
 23.92 60 24.91145708788983
 23.93 60 25.01431555509627
 23.94 60 24.94173508572823
 23.95 60 24.98090866180453
 23.96 60 25.2978079270849
 23.97 60 25.10920181771269
 23.98 60 25.24618654978304
 23.99 60 25.01222553138946
 24 60 24.91206408312523
 24.01 60 24.75124007296847
 24.02 60 24.99443605402013
 24.03 60 24.72175392546324
 24.04 60 25.56390184073591
 24.05 60 25.25901788261205
 24.06 60 24.61868282486008
 24.07 60 24.54149490654592
 24.08 60 24.58511315887495
 24.09 60 25.26122982338842
 24.1 60 25.2003790435095
 24.11 60 25.01874755752718
 24.12 60 25.05453685301523
 24.13 60 25.07181181902259
 24.14 60 24.70081762442595
 24.15 60 24.7374527352677
 24.16 60 25.1860630293683
 24.17 60 24.67805573816423
 24.18 60 25.3778014097435
 24.19 60 25.07812547225743
 24.2 60 24.97482715051039
 24.21 60 24.92892205901075
 24.22 60 24.98483973564882
 24.23 60 24.81991571530537
 24.24 60 24.90201377649285
 24.25 60 24.94441982938649
 24.26 60 25.07591324071
 24.27 60 25.29627319832829
 24.28 60 24.92834059501902
 24.29 60 24.70108995337818
 24.3 60 24.84921362252101
 24.31 60 25.0519771427876
 24.32 60 25.06571065317712
 24.33 60 25.15148598452678
 24.34 60 25.49800744832279
 24.35 60 25.19588155396756
 24.36 60 24.50947792508109
 24.37 60 25.25155350395716
 24.38 60 25.07394039274936
 24.39 60 24.80501831936843
 24.4 60 25.17836116984141
 24.41 60 24.75645116943265
 24.42 60 25.33394725416259
 24.43 60 25.08784370760696
 24.44 60 24.9957222479435
 24.45 60 25.23986650097639
 24.46 60 25.04613155028608
 24.47 60 24.87750644563044
 24.48 60 25.00629929129487
 24.49 60 25.00473975467717
 24.5 60 24.9102960059081
 24.51 60 24.8476589869066
 24.52 60 24.91648526902798
 24.53 60 24.92255704860819
 24.54 60 25.00897880320067
 24.55 60 24.78381612792104
 24.56 60 25.27633167589929
 24.57 60 24.73132374668129
 24.58 60 24.95748734476322
 24.59 60 25.15979636802826
 24.6 60 24.94031897392268
 24.61 60 25.00435748647001
 24.62 60 25.09476178762131
 24.63 60 24.85488391279949
 24.64 60 24.48211072115319
 24.65 60 24.84831440687249
 24.66 60 24.700874736772
 24.67 60 25.18492301728835
 24.68 60 25.05309047021389
 24.69 60 24.98671922422301
 24.7 60 25.30484091995835
 24.71 60 25.02654117982331
 24.72 60 25.40078991593806
 24.73 60 25.25634211862904
 24.74 60 25.11865390863442
 24.75 60 25.42589144851246
 24.76 60 24.82550604074581
 24.77 60 24.67122861801566
 24.78 60 24.91250046177746
 24.79 60 25.50156657444266
 24.8 60 25.15941288470122
 24.81 60 24.90157043912268
 24.82 60 24.86529065810061
 24.83 60 25.10827410743125
 24.84 60 24.93786297157181
 24.85 60 25.02489891292581
 24.86 60 24.46706666304955
 24.87 60 25.30463595795877
 24.88 60 25.12659121766206
 24.89 60 25.09433283450031
 24.9 60 24.82515418961029
 24.91 60 25.40353623276018
 24.92 60 25.22943988014131
 24.93 60 25.22237315433407
 24.94 60 24.92931514433974
 24.95 60 24.62151230844136
 24.96 60 24.88467434643677
 24.97 60 24.77685965810143
 24.98 60 25.17725140596248
 24.99 60 25.26854429499076
 25 60 24.88237739549375
 25.01 60 25.03323295401398
 25.02 60 24.99154807169052
 25.03 60 25.07960720628314
 25.04 60 24.78435795173496
 25.05 60 25.35820485375309
 25.06 60 24.7298480738702
 25.07 60 24.99461615471425
 25.08 60 25.18866125934122
 25.09 60 25.1931036170197
 25.1 60 25.20219160565334
 25.11 60 24.88400716276052
 25.12 60 25.03033189501526
 25.13 60 24.65133773742392
 25.14 60 24.88218402814532
 25.15 60 24.98396495920775
 25.16 60 24.98785335752723
 25.17 60 24.73292238738528
 25.18 60 24.64121034405358
 25.19 60 24.79702607009107
 25.2 60 24.92447101453942
 25.21 60 25.03283489975393
 25.22 60 25.0304106988205
 25.23 60 25.23008162989403
 25.24 60 24.551182905032
 25.25 60 25.28125081341511
 25.26 60 25.0335596664327
 25.27 60 25.18878754561839
 25.28 60 25.07835078917988
 25.29 60 25.1028507123609
 25.3 60 24.93325305183861
 25.31 60 25.00015543810535
 25.32 60 25.36594156672971
 25.33 60 24.73749527914482
 25.34 60 24.87429045291087
 25.35 60 25.06576980609643
 25.36 60 25.20505494157691
 25.37 60 24.79367202086981
 25.38 60 24.84811400798776
 25.39 60 24.83171396156533
 25.4 60 25.14080309359653
 25.41 60 24.84125557875744
 25.42 60 24.8604981948006
 25.43 60 25.01386139073497
 25.44 60 24.84559012722627
 25.45 60 24.98958633636799
 25.46 60 24.8531609496915
 25.47 60 24.6421568281881
 25.48 60 24.90203037809427
 25.49 60 25.25712525808456
 25.5 60 25.19412922803036
 25.51 60 25.0301807711291
 25.52 60 24.85668119236606
 25.53 60 25.17432508305094
 25.54 60 25.33668433993863
 25.55 60 24.87905278196225
 25.56 60 25.13491761488893
 25.57 60 24.9637009609973
 25.58 60 24.64610091394172
 25.59 60 25.21039315458065
 25.6 60 24.71103077426212
 25.61 60 25.60016802549565
 25.62 60 25.14546448029308
 25.63 60 25.09043917547242
 25.64 60 25.07915640033209
 25.65 60 25.26714696035026
 25.66 60 24.88730184517642
 25.67 60 25.3878521410013
 25.68 60 25.33212539440311
 25.69 60 25.06323443661077
 25.7 60 25.07784011658802
 25.71 60 25.21803071086012
 25.72 60 24.82998180003733
 25.73 60 24.99983666760997
 25.74 60 24.89440844822231
 25.75 60 25.16645132766734
 25.76 60 24.83714405980518
 25.77 60 25.22473654184533
 25.78 60 24.88412820759904
 25.79 60 24.95225538846088
 25.8 60 24.9921293255473
 25.81 60 24.86257570384642
 25.82 60 24.86195275088707
 25.83 60 25.0064039556577
 25.84 60 24.89416102702329
 25.85 60 24.64591599185217
 25.86 60 25.13854073844143
 25.87 60 24.91451283637477
 25.88 60 24.89153864124104
 25.89 60 25.0040387613601
 25.9 60 24.69492184956682
 25.91 60 25.23936797788547
 25.92 60 24.8587585235935
 25.93 60 24.93653802424469
 25.94 60 25.12568904764163
 25.95 60 25.47791645348244
 25.96 60 24.85327450838252
 25.97 60 24.87656463191671
 25.98 60 25.23125051066037
 25.99 60 24.98891036415342
 26 60 24.83900503913381
 26.01 60 25.17521472801728
 26.02 60 25.17573765667685
 26.03 60 24.84354871315299
 26.04 60 25.23851804070817
 26.05 60 25.00624512290693
 26.06 60 25.10500829481826
 26.07 60 25.05717465003676
 26.08 60 24.47584860551746
 26.09 60 25.2490230152229
 26.1 60 25.18989945094787
 26.11 60 25.02092748648361
 26.12 60 25.19921580544407
 26.13 60 25.05737063597643
 26.14 60 25.25253505864444
 26.15 60 25.06510883567208
 26.16 60 24.93271616740014
 26.17 60 24.92895633773471
 26.18 60 24.65308697834797
 26.19 60 24.70513605681775
 26.2 60 25.03405151156981
 26.21 60 24.86730400541547
 26.22 60 24.97886828997002
 26.23 60 24.79375263679191
 26.24 60 24.83900477825171
 26.25 60 25.3085533961859
 26.26 60 24.86186438801233
 26.27 60 25.15444752013677
 26.28 60 25.10571385125429
 26.29 60 24.76000705949722
 26.3 60 24.79072868477462
 26.31 60 24.81360626282036
 26.32 60 24.93987663771101
 26.33 60 24.91421421288242
 26.34 60 25.26791412257877
 26.35 60 24.75584517284928
 26.36 60 25.3196670110261
 26.37 60 25.26398705344428
 26.38 60 25.28901703942833
 26.39 60 25.05707327888618
 26.4 60 24.93622585381685
 26.41 60 25.18393888132639
 26.42 60 24.93842662767358
 26.43 60 25.17846767704867
 26.44 60 25.07548229128103
 26.45 60 25.0447095769719
 26.46 60 25.49876405554096
 26.47 60 25.36928272428306
 26.48 60 25.00040480727061
 26.49 60 25.169892452347
 26.5 60 25.37392435506345
 26.51 60 24.78044744479833
 26.52 60 25.23329078062664
 26.53 60 25.05370409064706
 26.54 60 24.76293175312651
 26.55 60 25.1868063270303
 26.56 60 24.7574468361421
 26.57 60 25.11868955229608
 26.58 60 24.97771232336237
 26.59 60 24.99563568311114
 26.6 60 24.72675380345527
 26.61 60 24.91886618915635
 26.62 60 25.02254760927042
 26.63 60 25.03698711697381
 26.64 60 25.33074589049235
 26.65 60 24.93454602547663
 26.66 60 24.84096602372072
 26.67 60 24.85093737006747
 26.68 60 24.87175573094627
 26.69 60 24.83937953701048
 26.7 60 25.05658344229751
 26.71 60 24.83429752059719
 26.72 60 25.01528586246712
 26.73 60 24.87553882206145
 26.74 60 25.44894350389026
 26.75 60 25.18301627752116
 26.76 60 25.17113074010896
 26.77 60 25.37086497236198
 26.78 60 25.42981482809899
 26.79 60 24.8597626107955
 26.8 60 24.96166745428681
 26.81 60 24.64467595257424
 26.82 60 24.85659740112892
 26.83 60 24.85148815876074
 26.84 60 25.37787085533457
 26.85 60 25.04081177905389
 26.86 60 25.09479222508413
 26.87 60 24.84141187945806
 26.88 60 24.68485474600234
 26.89 60 25.31111493390361
 26.9 60 24.97840140799718
 26.91 60 24.88258614931024
 26.92 60 24.81551804616718
 26.93 60 25.18182653582179
 26.94 60 24.82137915281576
 26.95 60 25.13282202942266
 26.96 60 25.14727771671571
 26.97 60 25.0080739099226
 26.98 60 25.26409217084777
 26.99 60 24.82743209028959
 27 60 24.84353217022303
 27.01 60 25.19078632623998
 27.02 60 24.94954104957999
 27.03 60 24.78329291255145
 27.04 60 25.18992735732079
 27.05 60 25.08889263908841
 27.06 60 24.98889477190644
 27.07 60 25.1047779353903
 27.08 60 24.8957519302853
 27.09 60 24.73265460522421
 27.1 60 24.77776697036813
 27.11 60 24.9639124928544
 27.12 60 25.01435290595191
 27.13 60 25.27720896743245
 27.14 60 24.96092602647995
 27.15 60 24.83824634753976
 27.16 60 25.23405465413087
 27.17 60 24.80235398877773
 27.18 60 25.16685169313855
 27.19 60 24.94655863328861
 27.2 60 25.10148463905595
 27.21 60 25.02269297399003
 27.22 60 24.94704644137239
 27.23 60 25.01922238681053
 27.24 60 24.81924630058557
 27.25 60 24.97397010391236
 27.26 60 25.13188078520199
 27.27 60 25.29542994070972
 27.28 60 25.01885689634613
 27.29 60 25.30568024607536
 27.3 60 25.00134801325299
 27.31 60 24.77723308533617
 27.32 60 24.71339995013789
 27.33 60 25.02397169945263
 27.34 60 25.0207453483134
 27.35 60 24.94854256671641
 27.36 60 24.70930856280631
 27.37 60 24.68407531835243
 27.38 60 25.11965489977377
 27.39 60 24.78963238896961
 27.4 60 25.09371450099054
 27.41 60 24.89551900658648
 27.42 60 25.12108019139287
 27.43 60 24.86098098904275
 27.44 60 25.00153636076348
 27.45 60 24.61341731802944
 27.46 60 25.06970556848538
 27.47 60 25.15251187315411
 27.48 60 25.13242278944747
 27.49 60 25.01491130060342
 27.5 60 25.3979844345351
 27.51 60 24.91039511858152
 27.52 60 24.89179254082766
 27.53 60 25.02836620257948
 27.54 60 25.27788982563532
 27.55 60 25.18004656545011
 27.56 60 25.1502557039745
 27.57 60 25.02936976952427
 27.58 60 25.11591131379114
 27.59 60 24.73182139835933
 27.6 60 24.87548457072957
 27.61 60 24.95260553594768
 27.62 60 24.79198156696629
 27.63 60 25.00510935775572
 27.64 60 24.86957791314205
 27.65 60 25.0050390000599
 27.66 60 25.1224714040049
 27.67 60 25.04488108417384
 27.68 60 25.14164775118797
 27.69 60 25.12264626343615
 27.7 60 24.55889374742092
 27.71 60 24.82945411847581
 27.72 60 24.96214551936733
 27.73 60 25.06086554426215
 27.74 60 24.63517299988893
 27.75 60 25.2034614558204
 27.76 60 25.12577705420632
 27.77 60 24.87284157756313
 27.78 60 25.21109866310605
 27.79 60 25.47725975374857
 27.8 60 25.16900034015327
 27.81 60 24.98749907232061
 27.82 60 24.86464992379761
 27.83 60 24.97671965283443
 27.84 60 25.13037643092738
 27.85 60 25.21057255539744
 27.86 60 25.0647308945133
 27.87 60 25.01407824698414
 27.88 60 25.08587319097723
 27.89 60 24.93928536072098
 27.9 60 25.03030821478817
 27.91 60 25.04731361129147
 27.92 60 25.12225448400252
 27.93 60 24.8758012018732
 27.94 60 24.68231789297752
 27.95 60 24.6625619192548
 27.96 60 25.14302416243869
 27.97 60 24.98709175300163
 27.98 60 25.04576242776136
 27.99 60 24.72734147716804
 28 60 24.9741412588428
 28.01 60 25.27875225350809
 28.02 60 25.02832953672553
 28.03 60 24.91675215799697
 28.04 60 24.85540509001369
 28.05 60 25.11901902023601
 28.06 60 25.1740998431121
 28.07 60 25.15962240028827
 28.08 60 25.09909630162171
 28.09 60 25.03104830689395
 28.1 60 25.07575441984353
 28.11 60 24.7647679471353
 28.12 60 24.80447190986214
 28.13 60 25.24941349401161
 28.14 60 25.08356583642292
 28.15 60 25.08298803623804
 28.16 60 25.1254598548444
 28.17 60 24.85731465054149
 28.18 60 24.86030071036431
 28.19 60 25.30540299507284
 28.2 60 25.0671839079941
 28.21 60 25.32715867279568
 28.22 60 24.86421020709218
 28.23 60 25.30068065906697
 28.24 60 25.07465359858723
 28.25 60 25.21537452230076
 28.26 60 25.20058072130085
 28.27 60 25.28140138417294
 28.28 60 24.81711298340293
 28.29 60 25.09528669812557
 28.3 60 25.12077115904275
 28.31 60 25.07913655363531
 28.32 60 24.87018273610609
 28.33 60 25.0519222095448
 28.34 60 24.65106431529976
 28.35 60 24.78235349427312
 28.36 60 25.25304037440859
 28.37 60 25.13134072426516
 28.38 60 24.99685842260087
 28.39 60 24.75509877671445
 28.4 60 24.92899048870895
 28.41 60 24.94777017469931
 28.42 60 24.92965819019548
 28.43 60 25.01579124949406
 28.44 60 25.21056265951725
 28.45 60 24.80073812912327
 28.46 60 25.01611079900088
 28.47 60 25.23359825177663
 28.48 60 25.20756496435762
 28.49 60 24.83879253872103
 28.5 60 24.84014255018396
 28.51 60 25.17571707692086
 28.52 60 24.7247150718176
 28.53 60 25.06644626545354
 28.54 60 25.01719522519688
 28.55 60 25.27743534196396
 28.56 60 24.98362661476208
 28.57 60 24.72662057937058
 28.58 60 25.00679325391355
 28.59 60 24.77076598768651
 28.6 60 24.9710622008364
 28.61 60 25.05237088297276
 28.62 60 25.20477388930149
 28.63 60 24.96551927999195
 28.64 60 25.14726276542227
 28.65 60 25.07114521130807
 28.66 60 25.24320155316446
 28.67 60 24.8629986091959
 28.68 60 24.81321419540187
 28.69 60 24.97444565672944
 28.7 60 24.79898612506003
 28.71 60 24.98733302002872
 28.72 60 25.27696475642458
 28.73 60 25.25802115129421
 28.74 60 25.18762450799617
 28.75 60 25.03779509065722
 28.76 60 25.01615382466447
 28.77 60 24.74990494141252
 28.78 60 25.13277567140484
 28.79 60 24.61863051271804
 28.8 60 25.02505840051096
 28.81 60 24.7316680714525
 28.82 60 24.86493532138502
 28.83 60 25.06661483764506
 28.84 60 25.11995405119699
 28.85 60 25.41206616507802
 28.86 60 25.09846963626084
 28.87 60 24.92919994812293
 28.88 60 24.79521109686667
 28.89 60 24.91475204621206
 28.9 60 25.03297670085794
 28.91 60 24.87443169144273
 28.92 60 24.96105520926716
 28.93 60 24.58855426092628
 28.94 60 25.01765133945587
 28.95 60 24.90082310117699
 28.96 60 24.91281340934271
 28.97 60 24.99230285164661
 28.98 60 25.16250046995094
 28.99 60 24.83935767215905
 29 60 24.7516246493004
 29.01 60 24.63959704454594
 29.02 60 24.60624092075244
 29.03 60 24.73442422477702
 29.04 60 24.92595941744073
 29.05 60 25.06231830043806
 29.06 60 25.16345265182411
 29.07 60 25.14926466493862
 29.08 60 24.98379205798006
 29.09 60 24.75622485411828
 29.1 60 24.99197566087345
 29.11 60 25.08876404562137
 29.12 60 24.87199096757025
 29.13 60 24.7044712962478
 29.14 60 24.80471829203742
 29.15 60 25.17543214159474
 29.16 60 25.00784430398431
 29.17 60 25.3862627298867
 29.18 60 25.18151886443197
 29.19 60 24.68935040940415
 29.2 60 25.27018731824153
 29.21 60 25.04246914516463
 29.22 60 25.28842746868308
 29.23 60 24.92260276079762
 29.24 60 24.58056217024462
 29.25 60 24.75147390253655
 29.26 60 24.78327972076137
 29.27 60 24.85445017951982
 29.28 60 25.21748695832296
 29.29 60 24.56491951222997
 29.3 60 24.80937522707703
 29.31 60 25.09373259562841
 29.32 60 25.11631872032849
 29.33 60 24.75722496836474
 29.34 60 24.73012027905298
 29.35 60 24.9124531108671
 29.36 60 25.12696126282969
 29.37 60 24.88525355051874
 29.38 60 25.16091376425259
 29.39 60 24.60925721410687
 29.4 60 25.0449481669028
 29.41 60 25.11560784799232
 29.42 60 25.10087657351968
 29.43 60 25.08339636097402
 29.44 60 24.96175507626364
 29.45 60 24.69942643527797
 29.46 60 24.97292753229262
 29.47 60 25.03223265480626
 29.48 60 24.97012871104332
 29.49 60 25.21920296341571
 29.5 60 24.92148038763309
 29.51 60 25.01242693070204
 29.52 60 24.90735237220219
 29.53 60 24.76592978062004
 29.54 60 25.2638212053665
 29.55 60 25.22835610736149
 29.56 60 25.08010482832621
 29.57 60 24.70759433729203
 29.58 60 25.20488188390994
 29.59 60 24.82036445985691
 29.6 60 25.0951433504159
 29.61 60 24.68931017011157
 29.62 60 24.76574831744805
 29.63 60 24.87068204948579
 29.64 60 25.19448960452875
 29.65 60 25.0850707156271
 29.66 60 25.01175891545313
 29.67 60 24.87554783660441
 29.68 60 24.93470370876982
 29.69 60 25.13424735848963
 29.7 60 25.18933073777552
 29.71 60 25.07152913040293
 29.72 60 25.27049647102373
 29.73 60 25.37990663910754
 29.74 60 24.86564984527908
 29.75 60 24.76409559394345
 29.76 60 24.89542916152812
 29.77 60 24.51815199365467
 29.78 60 24.89609494544433
 29.79 60 24.74114562865256
 29.8 60 24.80009839628199
 29.81 60 24.64087287345093
 29.82 60 25.12226006285201
 29.83 60 24.89001162503925
 29.84 60 25.09023061784855
 29.85 60 24.95353666272306
 29.86 60 24.98390300758065
 29.87 60 24.93006754834592
 29.88 60 25.32256995930683
 29.89 60 24.89673984580412
 29.9 60 24.9695711350204
 29.91 60 25.15419888739368
 29.92 60 24.63032056535968
 29.93 60 25.28508919293347
 29.94 60 25.1671471694817
 29.95 60 25.06412556663766
 29.96 60 24.98193778487694
 29.97 60 25.05510071733721
 29.98 60 24.95317146760775
 29.99 60 24.80891135496793
 30 60 25.14819405999856


