 0 50 0.0474367964258461
 0.01 50 0.3027709110374228
 0.02 50 0.1770402558786898
 0.03 50 0.04060064134364028
 0.04 50 0.5963435127176652
 0.05 50 0.4342101596233071
 0.06 50 0.8099363102001187
 0.07000000000000001 50 0.9336579887775415
 0.08 50 0.6506177435600115
 0.09 50 1.480937006581123
 0.1 50 0.9180539483800085
 0.11 50 1.017060834568541
 0.12 50 1.594989964893018
 0.13 50 1.537978640591183
 0.14 50 1.701924192874782
 0.15 50 1.90430566626253
 0.16 50 1.96089572607888
 0.17 50 2.36864818717059
 0.18 50 2.433807707932556
 0.19 50 2.345804192394006
 0.2 50 2.576219271943708
 0.21 50 2.646897669713355
 0.22 50 2.823216689612924
 0.23 50 2.907512405373996
 0.24 50 2.684778729104183
 0.25 50 3.107081325762211
 0.26 50 3.017198853510676
 0.27 50 3.176506754552631
 0.28 50 3.53803980369159
 0.29 50 3.764633622750758
 0.3 50 3.455487833376659
 0.31 50 3.205513777322566
 0.32 50 3.788314932981225
 0.33 50 3.955218205038469
 0.34 50 4.37244133149317
 0.35 50 4.559632166346228
 0.36 50 4.416541007786329
 0.37 50 4.006280103347068
 0.38 50 5.244415629487816
 0.39 50 4.623084886417823
 0.4 50 5.088572804058708
 0.41 50 4.752913381329702
 0.42 50 5.0195380036933
 0.43 50 5.025312119477989
 0.44 50 5.038497463213101
 0.45 50 5.497514873749672
 0.46 50 5.250127040907251
 0.47 50 5.595348974610844
 0.48 50 5.989345265023133
 0.49 50 5.959342793825333
 0.5 50 5.714920036550407
 0.51 50 6.147287916579343
 0.52 50 6.45379214235671
 0.53 50 6.189774902448399
 0.54 50 6.685870503414942
 0.55 50 6.572591326453705
 0.5600000000000001 50 6.567394150614706
 0.5700000000000001 50 6.770459499441355
 0.58 50 7.220943575404075
 0.59 50 7.307270402797569
 0.6 50 6.734455747493343
 0.61 50 7.139319965474198
 0.62 50 7.266468925167577
 0.63 50 7.61634680115902
 0.64 50 7.465936897229307
 0.65 50 7.747044629874744
 0.66 50 7.765608462156471
 0.67 50 8.138140294288673
 0.68 50 7.809964908945392
 0.6900000000000001 50 8.030336076917594
 0.7000000000000001 50 7.85078786044387
 0.71 50 8.297768810621443
 0.72 50 8.519434262085193
 0.73 50 8.509547673228919
 0.74 50 8.604974003087387
 0.75 50 8.633976529509061
 0.76 50 8.814668762725214
 0.77 50 8.882185865132934
 0.78 50 8.652929222154169
 0.79 50 9.258146572430869
 0.8 50 9.533850921265479
 0.8100000000000001 50 9.127049352219297
 0.8200000000000001 50 9.399664145392506
 0.8300000000000001 50 9.442570317244501
 0.84 50 9.667938740789351
 0.85 50 9.446605375899779
 0.86 50 9.70956611487607
 0.87 50 9.722720889142467
 0.88 50 10.01031532199219
 0.89 50 10.03818867512321
 0.9 50 10.21346565816428
 0.91 50 10.42853102172349
 0.92 50 10.40379490583111
 0.93 50 10.38545623054317
 0.9400000000000001 50 10.47685051925421
 0.9500000000000001 50 10.63844174804358
 0.96 50 10.62072194878622
 0.97 50 10.64438457229283
 0.98 50 10.54058554261179
 0.99 50 11.08706536159399
 1 50 11.0861466565717
 1.01 50 10.97210886457367
 1.02 50 11.10358894561082
 1.03 50 11.63532136485432
 1.04 50 11.44442345430537
 1.05 50 11.70822933116334
 1.06 50 11.50941284966271
 1.07 50 11.61479295112997
 1.08 50 11.95003431006542
 1.09 50 11.65213921491653
 1.1 50 11.89404343795444
 1.11 50 12.08568623443416
 1.12 50 12.0336601929833
 1.13 50 12.01808424195171
 1.14 50 12.43422489781649
 1.15 50 12.30038265462044
 1.16 50 12.27436933888905
 1.17 50 12.26389280504871
 1.18 50 12.79091886151073
 1.19 50 12.59039872741847
 1.2 50 12.60965959292975
 1.21 50 12.50404506214989
 1.22 50 12.86958478691198
 1.23 50 12.87301581828539
 1.24 50 12.98466998039973
 1.25 50 13.31193742094428
 1.26 50 13.21793631696941
 1.27 50 13.07076588112046
 1.28 50 13.34526942671103
 1.29 50 13.51229627056528
 1.3 50 13.54699135132876
 1.31 50 13.22032816111013
 1.32 50 13.79319206003889
 1.33 50 13.64968979663766
 1.34 50 13.54941064976793
 1.35 50 14.02602736042086
 1.36 50 13.87382084121589
 1.37 50 14.0205477289521
 1.38 50 13.93688593155207
 1.39 50 14.39581836634002
 1.4 50 14.29837766272802
 1.41 50 14.34932078712098
 1.42 50 14.22437980130085
 1.43 50 14.23978405141153
 1.44 50 14.27623673425048
 1.45 50 14.74748265548491
 1.46 50 14.52406560368831
 1.47 50 14.68499846966106
 1.48 50 14.81630082927153
 1.49 50 14.97727090101711
 1.5 50 14.86334288107113
 1.51 50 14.89551868895181
 1.52 50 15.40463658606319
 1.53 50 15.43951627288388
 1.54 50 15.46581158064901
 1.55 50 15.00910230912217
 1.56 50 15.27783051968874
 1.57 50 15.72691133483807
 1.58 50 15.78878497483477
 1.59 50 15.59415375189067
 1.6 50 15.48715805044003
 1.61 50 16.0205469163371
 1.62 50 15.74522348762846
 1.63 50 15.99335397877227
 1.64 50 15.95797489508275
 1.65 50 15.50385569640937
 1.66 50 16.28247535945952
 1.67 50 16.0517530842601
 1.68 50 16.0098650545056
 1.69 50 16.06141880284392
 1.7 50 15.93825184520968
 1.71 50 16.20497634016093
 1.72 50 16.30823754158027
 1.73 50 16.67391989434442
 1.74 50 16.88310954289924
 1.75 50 16.25352546587684
 1.76 50 16.49811071435593
 1.77 50 16.73801514173433
 1.78 50 16.64131522169284
 1.79 50 16.6843060705173
 1.8 50 16.79072524418982
 1.81 50 17.07540268630885
 1.82 50 16.96079728942723
 1.83 50 16.60925544393783
 1.84 50 17.22107041093496
 1.85 50 16.99475849805969
 1.86 50 16.90592444856022
 1.87 50 16.84104217711775
 1.88 50 17.08210866800383
 1.89 50 17.12459898521214
 1.9 50 17.34095169606357
 1.91 50 17.20264633399533
 1.92 50 17.34075226017457
 1.93 50 17.05735889281545
 1.94 50 17.3531837438412
 1.95 50 17.30828871787831
 1.96 50 17.0975877796421
 1.97 50 17.37818479698747
 1.98 50 17.46583738534976
 1.99 50 17.47603781838714
 2 50 17.64407642067446
 2.01 50 17.47179227923292
 2.02 50 18.14565099765221
 2.03 50 17.74141073807392
 2.04 50 17.66172402091122
 2.05 50 17.95405940341228
 2.06 50 17.8180803781489
 2.07 50 18.10003131276404
 2.08 50 18.13672079686192
 2.09 50 18.09143798762154
 2.1 50 17.73737417197051
 2.11 50 18.22749513728311
 2.12 50 17.88574874521538
 2.13 50 17.89948505023949
 2.14 50 18.4503161602777
 2.15 50 18.1435147625931
 2.16 50 18.39818076652519
 2.17 50 18.31914157128211
 2.18 50 18.31939480015689
 2.19 50 18.64375493197281
 2.2 50 18.43546687347216
 2.21 50 18.45519670828198
 2.22 50 18.62008835436823
 2.23 50 18.70293645044742
 2.24 50 18.70606114851913
 2.25 50 18.85032531904854
 2.26 50 18.74659929871449
 2.27 50 18.70231522461835
 2.28 50 19.20913494362283
 2.29 50 19.02460256928049
 2.3 50 18.78913555476406
 2.31 50 18.44304320517075
 2.32 50 19.10050126106506
 2.33 50 19.0405769047496
 2.34 50 19.13788034779087
 2.35 50 18.88309558333995
 2.36 50 19.5038031707891
 2.37 50 19.34272755233193
 2.38 50 19.2034721786461
 2.39 50 19.20473470093356
 2.4 50 19.36088510870721
 2.41 50 19.69034989298845
 2.42 50 19.36467245532019
 2.43 50 19.22203176516114
 2.44 50 19.52464185015802
 2.45 50 19.07599639210308
 2.46 50 19.69158308833019
 2.47 50 19.57227580996631
 2.48 50 19.64205834473398
 2.49 50 19.20125897640511
 2.5 50 19.64355104560241
 2.51 50 19.51992149218501
 2.52 50 19.60063316358957
 2.53 50 19.61179996791854
 2.54 50 19.69190514108247
 2.55 50 19.45734030722322
 2.56 50 19.76512584800226
 2.57 50 19.66984741951143
 2.58 50 19.80074904146754
 2.59 50 19.4936507694198
 2.6 50 19.79514234133764
 2.61 50 19.85542346886354
 2.62 50 19.84622282185894
 2.63 50 20.17580483077216
 2.64 50 20.15265082758127
 2.65 50 19.82418889026408
 2.66 50 19.77911600499147
 2.67 50 20.04659575502089
 2.68 50 19.87863530651084
 2.69 50 20.09497693421513
 2.7 50 19.96936415013301
 2.71 50 20.14883656962811
 2.72 50 20.22924396163938
 2.73 50 20.45208942706419
 2.74 50 19.98942248279439
 2.75 50 20.06216304882147
 2.76 50 20.00580573155151
 2.77 50 20.15449325417493
 2.78 50 20.09458753268687
 2.79 50 20.90625826607861
 2.8 50 20.07749455047115
 2.81 50 20.48590687498052
 2.82 50 20.07265091122328
 2.83 50 20.394729422024
 2.84 50 20.57683157124489
 2.85 50 20.45173788752837
 2.86 50 20.21142297666785
 2.87 50 20.19939923215732
 2.88 50 20.31717735028715
 2.89 50 20.63914148726746
 2.9 50 20.59802183049322
 2.91 50 20.39882739892883
 2.92 50 20.67156953219816
 2.93 50 20.38340115143519
 2.94 50 20.36062896061965
 2.95 50 20.36394974791693
 2.96 50 20.39229414994588
 2.97 50 21.00472015539207
 2.98 50 20.64008589204803
 2.99 50 20.68610501358102
 3 50 20.78850644611086
 3.01 50 20.57497672325584
 3.02 50 20.647331462558
 3.03 50 20.52860386840024
 3.04 50 21.05560122402882
 3.05 50 20.86072282808018
 3.06 50 20.78975469277455
 3.07 50 20.77551876342386
 3.08 50 20.64117741993483
 3.09 50 20.71815700976229
 3.1 50 21.14000472901254
 3.11 50 20.97290050052038
 3.12 50 20.92468490471364
 3.13 50 20.81958504441909
 3.14 50 20.77055871549394
 3.15 50 21.08172658833976
 3.16 50 20.89015318041063
 3.17 50 20.92703397073266
 3.18 50 20.58186244124011
 3.19 50 21.12939115298413
 3.2 50 20.97535542766446
 3.21 50 21.16228400533424
 3.22 50 21.08432852340165
 3.23 50 21.27821630836056
 3.24 50 21.34164122497828
 3.25 50 20.9691943299334
 3.26 50 21.20059185847488
 3.27 50 21.15723918281712
 3.28 50 21.04384350054688
 3.29 50 21.26200532741893
 3.3 50 21.238065019777
 3.31 50 21.43777816949045
 3.32 50 21.2807632581346
 3.33 50 21.53926641103752
 3.34 50 21.40876511477424
 3.35 50 21.48513698069329
 3.36 50 21.19677914792009
 3.37 50 21.18816237180248
 3.38 50 21.27380508416257
 3.39 50 21.27873730192419
 3.4 50 21.04342255912177
 3.41 50 21.33938711233586
 3.42 50 21.12463952956439
 3.43 50 21.59912120975566
 3.44 50 21.2260630878619
 3.45 50 21.24706320192708
 3.46 50 21.47900640428523
 3.47 50 21.71734204443221
 3.48 50 21.4469243411896
 3.49 50 21.55965568507469
 3.5 50 21.46971505183585
 3.51 50 21.4662548874772
 3.52 50 21.70729906419622
 3.53 50 21.2189203414604
 3.54 50 21.44348272717449
 3.55 50 21.76006101312828
 3.56 50 21.19366680045002
 3.57 50 21.66423075402105
 3.58 50 21.66176244719958
 3.59 50 21.68261288236327
 3.6 50 21.37589501932019
 3.61 50 21.56217177133985
 3.62 50 21.82360740301776
 3.63 50 21.71283510205981
 3.64 50 21.8224641769864
 3.65 50 21.86112247823595
 3.66 50 21.83655569346868
 3.67 50 21.75081225736491
 3.68 50 21.90781445510527
 3.69 50 21.51455101324438
 3.7 50 21.66378246698013
 3.71 50 21.928575678828
 3.72 50 21.62700316428621
 3.73 50 21.48506820414316
 3.74 50 21.49826444075806
 3.75 50 21.76133084636108
 3.76 50 21.25076985535949
 3.77 50 21.72033207473877
 3.78 50 21.68233844023533
 3.79 50 21.75786965360113
 3.8 50 21.89848120660501
 3.81 50 22.06379285779025
 3.82 50 21.5468083821493
 3.83 50 21.28583330408542
 3.84 50 21.84168904033926
 3.85 50 21.71269035004958
 3.86 50 22.12959754568704
 3.87 50 21.81014430386029
 3.88 50 21.86109281948197
 3.89 50 21.97848671317446
 3.9 50 22.15576837340323
 3.91 50 22.08151666415221
 3.92 50 21.6621213842398
 3.93 50 21.93123075524082
 3.94 50 22.03114494145101
 3.95 50 21.7568762836939
 3.96 50 21.86006016620051
 3.97 50 21.75893534516951
 3.98 50 21.91143075067979
 3.99 50 21.79039878044974
 4 50 21.85951406338762
 4.01 50 21.91630706337645
 4.02 50 21.86210706275457
 4.03 50 21.71243981196374
 4.04 50 21.91509180312437
 4.05 50 21.918787082195
 4.06 50 21.5530797439726
 4.07 50 21.78249389217696
 4.08 50 21.76595552351671
 4.09 50 21.85141288814083
 4.1 50 22.13355407589488
 4.11 50 21.82766632769367
 4.12 50 22.11665084855757
 4.13 50 21.98875696246927
 4.14 50 21.58798187210349
 4.15 50 22.01340064679956
 4.16 50 21.95931325748326
 4.17 50 21.3449475878536
 4.18 50 22.18379237469514
 4.19 50 21.9325188280276
 4.2 50 22.09589496714823
 4.21 50 22.00869563181779
 4.22 50 21.9651347277319
 4.23 50 21.95171578351863
 4.24 50 21.87946774835329
 4.25 50 22.61137013452414
 4.26 50 22.27142403520413
 4.27 50 22.04880341686349
 4.28 50 22.03394949705958
 4.29 50 21.8893216481743
 4.3 50 22.11818262385827
 4.31 50 22.0330382279807
 4.32 50 22.14997666784944
 4.33 50 22.09445790089007
 4.34 50 22.45736331605418
 4.350000000000001 50 22.38361975241952
 4.36 50 22.17451297747364
 4.37 50 22.13303290086508
 4.38 50 21.90951380284427
 4.39 50 21.93236492532658
 4.4 50 21.77009368442182
 4.41 50 22.46639842856465
 4.42 50 22.34506138309904
 4.43 50 22.20001304842716
 4.44 50 22.13303108680646
 4.45 50 21.97040830048644
 4.46 50 21.91472417866858
 4.47 50 22.06772710666435
 4.48 50 22.03630357403268
 4.49 50 22.03786588202777
 4.5 50 22.37747860123665
 4.51 50 22.04707216273126
 4.52 50 22.05383919863815
 4.53 50 21.90468777576856
 4.54 50 22.31561674285495
 4.55 50 21.84617972881948
 4.56 50 22.13967202719147
 4.57 50 22.28274413715235
 4.58 50 22.32556837790062
 4.59 50 22.41149864344159
 4.600000000000001 50 22.34095841320374
 4.61 50 22.28289020667627
 4.62 50 22.17329117385604
 4.63 50 22.21041345539744
 4.64 50 22.06426983321374
 4.65 50 22.41058432226977
 4.66 50 22.30185322316591
 4.67 50 22.52629602880615
 4.68 50 22.55138799757122
 4.69 50 22.07258964738824
 4.7 50 22.1338332639417
 4.71 50 22.29820101295036
 4.72 50 22.24179155396675
 4.73 50 22.04503117652634
 4.74 50 21.86632258673561
 4.75 50 22.22192764390678
 4.76 50 22.31944070824254
 4.77 50 22.1877132973332
 4.78 50 22.26502957454734
 4.79 50 22.20381298570478
 4.8 50 22.36264282936965
 4.81 50 21.97889104427638
 4.82 50 22.03935800390092
 4.83 50 22.41481506838482
 4.84 50 22.04159004536011
 4.850000000000001 50 22.35163725132909
 4.86 50 22.07573763363409
 4.87 50 22.52451999273169
 4.88 50 22.30036556512771
 4.89 50 22.4234440430312
 4.9 50 22.26434120765925
 4.91 50 22.20522369638602
 4.92 50 22.54890349557109
 4.93 50 22.52903243552541
 4.94 50 22.26968955967498
 4.95 50 22.39705186937302
 4.96 50 22.23857913848973
 4.97 50 22.26029233717161
 4.98 50 22.3448990060522
 4.99 50 22.1365146640463
 5 50 22.4443133621866
 5.01 50 22.34950653649834
 5.02 50 22.07185561320147
 5.03 50 22.23503946923115
 5.04 50 22.14683707604649
 5.05 50 22.21814343073623
 5.06 50 22.42467748538679
 5.07 50 22.36424442047903
 5.08 50 22.39250519414921
 5.09 50 22.3254959676031
 5.100000000000001 50 22.15551534595081
 5.11 50 22.40561779875706
 5.12 50 22.44169355183779
 5.13 50 22.69334294369352
 5.14 50 22.38851669019838
 5.15 50 22.51255014647278
 5.16 50 22.34241433633956
 5.17 50 22.39378334354404
 5.18 50 22.17218061033324
 5.19 50 22.45698348706599
 5.2 50 22.45986918788442
 5.21 50 22.46028713176746
 5.22 50 22.31289814581548
 5.23 50 22.32989093418005
 5.24 50 22.4430263668089
 5.25 50 22.32958601529598
 5.26 50 22.39671607057714
 5.27 50 22.59874525730726
 5.28 50 22.64782141174657
 5.29 50 22.24841098035986
 5.3 50 22.22047516117035
 5.31 50 22.42626565187593
 5.32 50 22.15198750830881
 5.33 50 22.56467410144328
 5.34 50 22.46948736121675
 5.350000000000001 50 22.35102806159939
 5.36 50 22.40865169493487
 5.37 50 22.62842404296232
 5.38 50 22.45941678240616
 5.39 50 22.24786086729229
 5.4 50 22.73083616470959
 5.41 50 22.59407185264295
 5.42 50 22.39904885509029
 5.43 50 22.11168102133439
 5.44 50 22.38343842276426
 5.45 50 22.03435956001389
 5.46 50 22.40727788998462
 5.47 50 22.83009639317643
 5.48 50 22.99214068954018
 5.49 50 22.71345922980348
 5.5 50 22.5724559187977
 5.51 50 22.48682214218764
 5.52 50 22.54965800224553
 5.53 50 22.50974123434434
 5.54 50 22.84390861202854
 5.55 50 22.51171062335633
 5.56 50 22.5311920175104
 5.57 50 22.47118520145142
 5.58 50 22.57991647809779
 5.59 50 22.31077735801234
 5.600000000000001 50 22.73191104371707
 5.61 50 22.10864345113594
 5.62 50 22.12376315312796
 5.63 50 22.49639372928137
 5.64 50 22.30014661401077
 5.65 50 22.40186815066936
 5.66 50 22.39252654854653
 5.67 50 22.56109915496043
 5.68 50 22.49481156076441
 5.69 50 22.44377082784234
 5.7 50 22.72607623087606
 5.71 50 22.23854213981019
 5.72 50 22.14769608675715
 5.73 50 22.27309830122424
 5.74 50 22.67544892533623
 5.75 50 22.58344340321246
 5.76 50 22.59908492992853
 5.77 50 22.64556271521601
 5.78 50 22.37301440935752
 5.79 50 22.62154513726339
 5.8 50 22.63163114257925
 5.81 50 22.33854322083633
 5.82 50 22.41764248486465
 5.83 50 22.55466453642106
 5.84 50 22.73476285032804
 5.850000000000001 50 22.81034361185385
 5.86 50 22.59108654517246
 5.87 50 22.81010522354055
 5.88 50 22.45308126060328
 5.89 50 22.87178806367743
 5.9 50 22.83114126679188
 5.91 50 22.85763313332989
 5.92 50 22.45354465481407
 5.93 50 22.43065037547477
 5.94 50 22.71589875338537
 5.95 50 22.75906969492949
 5.96 50 22.41476450682972
 5.97 50 22.76922768828041
 5.98 50 22.686778218944
 5.99 50 22.51867677930552
 6 50 22.79174842653458
 6.01 50 22.50280305355352
 6.02 50 22.50387627675392
 6.03 50 22.21936818954797
 6.04 50 22.37544011805656
 6.05 50 22.57164505848604
 6.06 50 22.74030381383795
 6.07 50 22.69763768861912
 6.08 50 22.3432219330829
 6.09 50 22.55300658300769
 6.100000000000001 50 22.41555492016013
 6.11 50 22.40088157033772
 6.12 50 22.55310317914392
 6.13 50 22.36314011658597
 6.140000000000001 50 22.70135956487728
 6.15 50 22.5760534878341
 6.16 50 22.35431181550644
 6.17 50 22.59383982230322
 6.18 50 22.73307127248576
 6.19 50 22.43382958762743
 6.2 50 22.22921571835756
 6.21 50 22.0539789471241
 6.22 50 22.41048535974673
 6.23 50 22.43275204084319
 6.24 50 22.29253361873726
 6.25 50 22.41918644531746
 6.26 50 22.56457725208612
 6.27 50 22.43611699977689
 6.28 50 22.54403670626951
 6.29 50 22.60465942221819
 6.3 50 22.39004114879056
 6.31 50 22.77724972295634
 6.32 50 23.09630586069311
 6.33 50 22.43426282598262
 6.34 50 22.76977749585432
 6.350000000000001 50 22.5172953934633
 6.36 50 22.6393272981682
 6.37 50 22.70329493293884
 6.38 50 22.40514217316696
 6.390000000000001 50 22.61754900484715
 6.4 50 22.80163613753914
 6.41 50 22.63595413643261
 6.42 50 22.72634667818425
 6.43 50 22.4422490034321
 6.44 50 22.67262100586687
 6.45 50 22.24377835368582
 6.46 50 23.01982225828178
 6.47 50 22.38405313145969
 6.48 50 22.4040146231186
 6.49 50 22.61799743208867
 6.5 50 22.59862612672119
 6.51 50 22.92769617862902
 6.52 50 22.17350199474525
 6.53 50 22.58662799602347
 6.54 50 22.55989644485847
 6.55 50 22.52340260738986
 6.56 50 22.38440276048891
 6.57 50 22.54869257810913
 6.58 50 22.50525904147279
 6.59 50 22.39722354339585
 6.600000000000001 50 22.35251216228047
 6.61 50 22.25856398255457
 6.62 50 22.05978219283308
 6.63 50 22.22822979329907
 6.640000000000001 50 22.46440477649668
 6.65 50 22.72949877658947
 6.66 50 22.8481634341354
 6.67 50 22.59387463554749
 6.68 50 22.83973772570971
 6.69 50 22.39307487102905
 6.7 50 22.24662926207534
 6.71 50 22.34232953284289
 6.72 50 22.58275375838611
 6.73 50 22.45440007803698
 6.74 50 22.74097728567105
 6.75 50 22.62695817336934
 6.76 50 22.87583843026328
 6.77 50 22.82556639252751
 6.78 50 22.62768541416956
 6.79 50 22.54141990512358
 6.8 50 22.45439036792744
 6.81 50 22.88694616772133
 6.82 50 22.19930156675871
 6.83 50 22.09493368967481
 6.84 50 22.38196576921442
 6.850000000000001 50 22.43698348143434
 6.86 50 22.76800872991624
 6.87 50 22.61306021872458
 6.88 50 22.81966549205118
 6.890000000000001 50 22.57088299447053
 6.9 50 22.59415304977793
 6.91 50 22.27151429744001
 6.92 50 22.52032348427841
 6.93 50 22.54821578222754
 6.94 50 22.22555960772165
 6.95 50 22.44962182801309
 6.96 50 22.47345009493662
 6.97 50 22.4422095629644
 6.98 50 22.5391478051992
 6.99 50 22.88362240399987
 7 50 22.5988487085039
 7.01 50 22.78941366826601
 7.02 50 22.5733951092234
 7.03 50 22.654378063382
 7.04 50 22.49753183764696
 7.05 50 22.85729265174448
 7.06 50 22.24738423170733
 7.07 50 22.94984187012787
 7.08 50 22.69452277645769
 7.09 50 22.47860928479682
 7.100000000000001 50 22.33969485944647
 7.11 50 22.5612048193764
 7.12 50 22.72052289409061
 7.13 50 22.88894133544346
 7.140000000000001 50 22.54110712721015
 7.15 50 22.85894193377041
 7.16 50 22.2304339855657
 7.17 50 22.58202661132461
 7.18 50 22.49993948888471
 7.19 50 22.6479128099914
 7.2 50 22.59227116985873
 7.21 50 22.90341982228045
 7.22 50 22.59106927614191
 7.23 50 22.60123950876344
 7.24 50 22.52873752279174
 7.25 50 22.40431462876653
 7.26 50 22.4555921441376
 7.27 50 22.57593247130972
 7.28 50 22.85553913931892
 7.29 50 22.85947155583591
 7.3 50 22.71724147422889
 7.31 50 22.81676306483415
 7.32 50 22.74766731300621
 7.33 50 22.47739946878781
 7.34 50 22.72452372429547
 7.350000000000001 50 22.32157565161214
 7.36 50 22.85763908501066
 7.37 50 22.6701201176084
 7.38 50 22.26055989783282
 7.390000000000001 50 22.62520168475639
 7.4 50 22.3013425748128
 7.41 50 22.4050771571655
 7.42 50 22.32213143961187
 7.43 50 22.46281754416918
 7.44 50 22.5224011487968
 7.45 50 22.71462448542671
 7.46 50 22.72735372660426
 7.47 50 22.76384488104056
 7.48 50 22.44534329916278
 7.49 50 22.56939964318019
 7.5 50 22.49902500055059
 7.51 50 22.78494511729162
 7.52 50 22.79489946607756
 7.53 50 22.66529049537107
 7.54 50 22.66926375870287
 7.55 50 22.6629816686065
 7.56 50 22.78030695144388
 7.57 50 22.47086606959362
 7.58 50 22.29283188396929
 7.59 50 22.45500178170771
 7.600000000000001 50 22.48007499169567
 7.61 50 22.44364944018479
 7.62 50 22.90153292651809
 7.63 50 22.78406940141856
 7.640000000000001 50 22.68244339461163
 7.65 50 23.04379877265031
 7.66 50 22.58273308854316
 7.67 50 22.52891841781351
 7.68 50 22.67055170541267
 7.69 50 22.9067682132443
 7.7 50 22.50985533082347
 7.71 50 22.34637632581023
 7.72 50 22.86201094599233
 7.73 50 22.50018926887501
 7.74 50 22.49654933673164
 7.75 50 22.70910571936467
 7.76 50 22.91498098335338
 7.77 50 22.70166114345346
 7.78 50 22.68566494386711
 7.79 50 22.43672803571434
 7.8 50 22.69218110913671
 7.81 50 22.91531651138432
 7.82 50 22.47444875102104
 7.83 50 22.61001203176196
 7.84 50 22.74363319338865
 7.850000000000001 50 22.57976014829777
 7.86 50 22.91919804372965
 7.87 50 22.77967168003662
 7.88 50 22.57539238682163
 7.890000000000001 50 22.69416281698827
 7.9 50 22.87672594024336
 7.91 50 22.499839408281
 7.92 50 22.82913028481663
 7.930000000000001 50 22.60868519649164
 7.94 50 22.91100261506219
 7.95 50 22.75823433855277
 7.96 50 22.4905106333609
 7.97 50 22.64071429492758
 7.98 50 22.62203287743244
 7.99 50 22.86368663627703
 8 50 22.34036080198787
 8.01 50 22.35257496848566
 8.02 50 22.53153558803603
 8.029999999999999 50 22.34713988817476
 8.040000000000001 50 22.76451827094174
 8.050000000000001 50 22.8926497737966
 8.06 50 22.78827422879963
 8.07 50 22.33265226505674
 8.08 50 22.63350680363989
 8.09 50 22.7150595018716
 8.1 50 22.72924294568724
 8.109999999999999 50 22.50260401682639
 8.120000000000001 50 22.53721169828009
 8.130000000000001 50 22.50858957850974
 8.140000000000001 50 22.76899281013914
 8.15 50 22.77717468540485
 8.16 50 22.23240565551164
 8.17 50 22.93539882665169
 8.18 50 22.70818034999516
 8.19 50 22.48370114959319
 8.199999999999999 50 22.54188795445324
 8.210000000000001 50 22.41625140120034
 8.220000000000001 50 22.62144493670609
 8.23 50 22.83784767505216
 8.24 50 22.73993353718028
 8.25 50 22.65003376190851
 8.26 50 23.08383877585701
 8.27 50 22.18816939479015
 8.279999999999999 50 22.57233458009946
 8.290000000000001 50 22.60909875387038
 8.300000000000001 50 22.52072125399852
 8.31 50 22.39280550014697
 8.32 50 22.8551552470525
 8.33 50 22.40868176186967
 8.34 50 22.55586086158959
 8.35 50 22.77085872576458
 8.359999999999999 50 22.61114038142235
 8.370000000000001 50 22.5036590553731
 8.380000000000001 50 22.92077203730928
 8.390000000000001 50 22.58076524731749
 8.4 50 22.7008572753355
 8.41 50 22.39026544868258
 8.42 50 22.96205215104162
 8.43 50 22.79067874674476
 8.44 50 22.38836716950528
 8.449999999999999 50 22.58417132687354
 8.460000000000001 50 22.51275395668918
 8.470000000000001 50 22.73903147326763
 8.48 50 22.58092853177257
 8.49 50 22.70631106361012
 8.5 50 22.40618869899779
 8.51 50 22.5923704146588
 8.52 50 22.79311132012946
 8.529999999999999 50 22.47730001772579
 8.540000000000001 50 22.80240413784842
 8.550000000000001 50 22.63629687430398
 8.56 50 22.47135594183288
 8.57 50 22.67826955957664
 8.58 50 22.87145646269897
 8.59 50 22.49601721714781
 8.6 50 22.81960492351119
 8.609999999999999 50 22.41969889875046
 8.620000000000001 50 23.09821417111342
 8.630000000000001 50 22.56925658762757
 8.640000000000001 50 23.00591952220204
 8.65 50 22.62650404117593
 8.66 50 22.56808768179214
 8.67 50 22.76230455365333
 8.68 50 22.79541911297244
 8.69 50 22.41946181348355
 8.700000000000001 50 22.51974904305612
 8.710000000000001 50 22.3309388700305
 8.720000000000001 50 22.61628128973999
 8.73 50 22.77994657953821
 8.74 50 22.35745843698871
 8.75 50 22.40577095353444
 8.76 50 22.66917451524968
 8.77 50 23.02503227733504
 8.779999999999999 50 22.82628994509076
 8.790000000000001 50 22.57505942867566
 8.800000000000001 50 22.51384692079812
 8.81 50 22.4214118920937
 8.82 50 22.80976255225452
 8.83 50 22.30854261394011
 8.84 50 22.67689887250476
 8.85 50 22.91482543204166
 8.859999999999999 50 22.82541023817612
 8.870000000000001 50 22.46340213534426
 8.880000000000001 50 22.64466840171195
 8.890000000000001 50 22.69104167245195
 8.9 50 22.60794055276476
 8.91 50 22.42176466106516
 8.92 50 22.42033055076503
 8.93 50 22.43181802313797
 8.94 50 23.10335985436752
 8.950000000000001 50 22.434311840627
 8.960000000000001 50 22.73928898571592
 8.970000000000001 50 22.87897268382106
 8.98 50 22.60074581351055
 8.99 50 22.6758129875016
 9 50 22.4724242329727
 9.01 50 22.32219514704987
 9.02 50 22.71870152081216
 9.029999999999999 50 22.56834717385292
 9.040000000000001 50 22.83484011141587
 9.050000000000001 50 22.2559124168802
 9.06 50 22.76247922106526
 9.07 50 22.40742163951963
 9.08 50 22.94020721271254
 9.09 50 22.57953758779817
 9.1 50 22.24250227694605
 9.109999999999999 50 22.63206733027067
 9.120000000000001 50 22.62979598399759
 9.130000000000001 50 22.73478346722966
 9.140000000000001 50 22.80078312144066
 9.15 50 22.62998860604643
 9.16 50 22.86843981369253
 9.17 50 22.70221811925406
 9.18 50 22.59700680990969
 9.19 50 22.54810828113399
 9.200000000000001 50 22.42944028418928
 9.210000000000001 50 22.76172067493716
 9.220000000000001 50 22.65168519910407
 9.23 50 22.6013823022199
 9.24 50 22.45978730286194
 9.25 50 22.94397464406205
 9.26 50 22.58407425290041
 9.27 50 22.57313349026686
 9.279999999999999 50 22.53783687584002
 9.290000000000001 50 22.10268269568634
 9.300000000000001 50 22.85011500718759
 9.31 50 22.73015406615791
 9.32 50 22.61245663549394
 9.33 50 22.56584246201174
 9.34 50 22.24536972890196
 9.35 50 22.47306971693733
 9.359999999999999 50 22.50527363209121
 9.370000000000001 50 22.58908164197358
 9.380000000000001 50 22.55411654262875
 9.390000000000001 50 22.71799302903745
 9.4 50 22.53371334950567
 9.41 50 22.7482975695734
 9.42 50 22.96501958479336
 9.43 50 22.37086450216661
 9.44 50 22.54794693512677
 9.450000000000001 50 22.8051140603013
 9.460000000000001 50 22.48453387601221
 9.470000000000001 50 22.75676571166447
 9.48 50 22.66712230073546
 9.49 50 22.67745271001472
 9.5 50 22.62329816880312
 9.51 50 22.99394998828468
 9.52 50 22.56581601579866
 9.529999999999999 50 22.68334686583756
 9.540000000000001 50 22.68132570121847
 9.550000000000001 50 22.72644647214229
 9.56 50 22.70407589594667
 9.57 50 22.62177905374971
 9.58 50 22.6788653577936
 9.59 50 22.82165937048839
 9.6 50 22.86250173833141
 9.609999999999999 50 22.45209794392223
 9.620000000000001 50 22.85494052826931
 9.630000000000001 50 22.68959633211878
 9.640000000000001 50 22.74814871341496
 9.65 50 22.29463465749042
 9.66 50 22.83853736884682
 9.67 50 22.91224111431768
 9.68 50 22.63327693730794
 9.69 50 22.77603866560378
 9.700000000000001 50 22.41958062709888
 9.710000000000001 50 22.53487536844243
 9.720000000000001 50 22.48394950274785
 9.73 50 22.45050386174968
 9.74 50 22.55298274451197
 9.75 50 22.62270297388674
 9.76 50 22.78892786518709
 9.77 50 22.58049503020277
 9.779999999999999 50 22.891211085539
 9.790000000000001 50 22.7969846666157
 9.800000000000001 50 22.36495901140233
 9.81 50 22.67560706133677
 9.82 50 22.36427692450435
 9.83 50 22.91175872146485
 9.84 50 22.78266468151234
 9.85 50 22.56463182909571
 9.859999999999999 50 22.70597281774427
 9.870000000000001 50 22.40543309368881
 9.880000000000001 50 22.40998591806699
 9.890000000000001 50 22.6169527282228
 9.9 50 22.90602114321922
 9.91 50 22.61401686884906
 9.92 50 22.52952223531799
 9.93 50 22.96099267205183
 9.94 50 22.19289815067623
 9.950000000000001 50 22.75463837015722
 9.960000000000001 50 22.99595917975343
 9.970000000000001 50 22.97047193449523
 9.98 50 22.53079057809977
 9.99 50 22.90133894227995
 10 50 22.5121062782177
 10.01 70 22.8336767950157
 10.02 70 22.47339952461158
 10.03 70 22.76125878505754
 10.04 70 22.64410572288201
 10.05 70 22.76045518696821
 10.06 70 22.79080672845358
 10.07 70 22.86420968435871
 10.08 70 23.06082336755196
 10.09 70 22.99718761737414
 10.1 70 23.0911199871529
 10.11 70 23.39798969384846
 10.12 70 22.94957511110334
 10.13 70 23.01375031981101
 10.14 70 23.22778268729721
 10.15 70 23.33385332288614
 10.16 70 23.51116748191592
 10.17 70 23.26681642928331
 10.18 70 23.5848289088212
 10.19 70 23.50817148761007
 10.2 70 23.32752326678453
 10.21 70 23.70568867130382
 10.22 70 23.68733333356636
 10.23 70 23.67393913846819
 10.24 70 23.28995572454004
 10.25 70 23.96786646888238
 10.26 70 23.93758567756213
 10.27 70 23.97150372404979
 10.28 70 23.30839640563132
 10.29 70 23.93972799102849
 10.3 70 24.01922161332853
 10.31 70 23.72193306202359
 10.32 70 23.56957015492754
 10.33 70 23.90744664973754
 10.34 70 24.04858765282743
 10.35 70 23.93609045882156
 10.36 70 23.89740929853792
 10.37 70 24.19717103450914
 10.38 70 24.11099787708197
 10.39 70 24.42777273142384
 10.4 70 24.11852555877899
 10.41 70 24.26537397253767
 10.42 70 24.19597149451229
 10.43 70 23.78706702965582
 10.44 70 24.19447563447706
 10.45 70 24.5603174156355
 10.46 70 24.13412840131894
 10.47 70 24.15204144508619
 10.48 70 24.38457719299986
 10.49 70 24.7435433226796
 10.5 70 24.60007335561946
 10.51 70 24.57569244779607
 10.52 70 24.70405677214113
 10.53 70 24.90641040426894
 10.54 70 24.68174062482464
 10.55 70 24.71974326262524
 10.56 70 24.78819096405118
 10.57 70 24.979932945008
 10.58 70 24.64840599121674
 10.59 70 24.90623182707024
 10.6 70 24.52821077132099
 10.61 70 25.16234271123892
 10.62 70 24.80756538272168
 10.63 70 24.89993777391292
 10.64 70 24.9771716448504
 10.65 70 25.20398081163768
 10.66 70 24.79601449337066
 10.67 70 25.11137312391929
 10.68 70 25.06067485675812
 10.69 70 25.04263133316477
 10.7 70 24.98883047122473
 10.71 70 25.20923691811328
 10.72 70 25.38648224754362
 10.73 70 25.01586892219023
 10.74 70 25.03680391326145
 10.75 70 25.19884145305038
 10.76 70 25.21524435013003
 10.77 70 25.16543242879654
 10.78 70 25.35976489796927
 10.79 70 25.3500107819534
 10.8 70 25.50389698589371
 10.81 70 25.55513915454668
 10.82 70 25.23965235130848
 10.83 70 25.43059396786963
 10.84 70 25.25331113622229
 10.85 70 25.17025541543145
 10.86 70 25.32029791960048
 10.87 70 25.41950996320005
 10.88 70 25.5970679295172
 10.89 70 25.54792811520976
 10.9 70 25.70708320197085
 10.91 70 25.83228608164984
 10.92 70 25.17329744019197
 10.93 70 25.84643621471925
 10.94 70 25.56059308043812
 10.95 70 25.90812279831339
 10.96 70 25.78493815272699
 10.97 70 25.72756869261088
 10.98 70 25.92673679245737
 10.99 70 25.40913229851274
 11 70 25.70812603698527
 11.01 70 25.92730382115219
 11.02 70 25.84536952670072
 11.03 70 25.64613921638691
 11.04 70 25.64830028928025
 11.05 70 26.00169211365927
 11.06 70 25.41840827056481
 11.07 70 26.18436127374018
 11.08 70 25.96537347777973
 11.09 70 25.65259933852821
 11.1 70 25.46382552859649
 11.11 70 25.93212171073299
 11.12 70 25.75174359838594
 11.13 70 25.8142197077517
 11.14 70 26.01190391377064
 11.15 70 25.98487044071169
 11.16 70 26.02158303518811
 11.17 70 25.95506322033362
 11.18 70 26.09426774260563
 11.19 70 25.84482955143032
 11.2 70 25.8371232222824
 11.21 70 26.0901523481713
 11.22 70 26.30827799119002
 11.23 70 26.24566796738442
 11.24 70 26.06696316619869
 11.25 70 26.01560859476898
 11.26 70 26.35379931394345
 11.27 70 26.24141490164254
 11.28 70 26.18219257597205
 11.29 70 26.05628520538191
 11.3 70 26.40941690361687
 11.31 70 25.97733916114653
 11.32 70 26.07065092319081
 11.33 70 25.71637708894501
 11.34 70 26.10071607306211
 11.35 70 26.15396712663917
 11.36 70 26.14604698511056
 11.37 70 26.13520525640056
 11.38 70 26.31458874568141
 11.39 70 26.44334856466203
 11.4 70 26.3138117771804
 11.41 70 26.39308319080868
 11.42 70 25.98780466027225
 11.43 70 26.37834224581341
 11.44 70 26.2862164175469
 11.45 70 26.40063582182188
 11.46 70 26.12580196238627
 11.47 70 26.16157476009258
 11.48 70 26.5000262280485
 11.49 70 26.56197100844728
 11.5 70 26.2930089544492
 11.51 70 26.31227549021908
 11.52 70 26.41257652850986
 11.53 70 26.52055501798391
 11.54 70 26.6227903840077
 11.55 70 26.66014910111244
 11.56 70 26.46258988273915
 11.57 70 26.48724877759821
 11.58 70 26.40082978576492
 11.59 70 26.26798294362291
 11.6 70 26.25478479710928
 11.61 70 26.5518091162422
 11.62 70 26.29988101562453
 11.63 70 26.27065555685182
 11.64 70 26.6495493096295
 11.65 70 26.08133320610803
 11.66 70 26.38293019668988
 11.67 70 26.62117534954816
 11.68 70 26.36540347091762
 11.69 70 26.20175556589056
 11.7 70 26.38088311010942
 11.71 70 26.38737303085637
 11.72 70 26.57041069480939
 11.73 70 26.6149828000895
 11.74 70 26.28054995963624
 11.75 70 26.35190813148176
 11.76 70 26.85241945805197
 11.77 70 26.52170187176827
 11.78 70 26.67704572616728
 11.79 70 26.70050646125044
 11.8 70 26.59017348819099
 11.81 70 26.52144463002218
 11.82 70 26.45035649456188
 11.83 70 26.9798431542908
 11.84 70 26.47886622155793
 11.85 70 26.48732810701326
 11.86 70 26.84876647296134
 11.87 70 26.39537216463479
 11.88 70 26.74381452339226
 11.89 70 26.7930648771028
 11.9 70 26.76775003888971
 11.91 70 26.62278622150318
 11.92 70 26.69923989922534
 11.93 70 26.66368055625948
 11.94 70 26.62772089019294
 11.95 70 26.33872641225721
 11.96 70 26.90199667550251
 11.97 70 26.63847937512794
 11.98 70 26.93812379067387
 11.99 70 26.7127510512358
 12 70 26.711775037166
 12.01 70 26.65382068097836
 12.02 70 26.57461492609995
 12.03 70 27.21355568793922
 12.04 70 26.57062240150368
 12.05 70 26.91396278729868
 12.06 70 26.18889268868042
 12.07 70 26.93578660332972
 12.08 70 26.78960957249082
 12.09 70 26.94345487407102
 12.1 70 26.70475049636455
 12.11 70 26.76635303697171
 12.12 70 27.0424458839903
 12.13 70 26.72993254345764
 12.14 70 26.9169347045166
 12.15 70 26.90149849085899
 12.16 70 26.54173949536754
 12.17 70 26.95618024429168
 12.18 70 26.80850854126659
 12.19 70 26.78577540130203
 12.2 70 26.59425352851729
 12.21 70 26.4512190038844
 12.22 70 26.63840205371933
 12.23 70 27.10411694342524
 12.24 70 26.8834213734553
 12.25 70 26.910842067404
 12.26 70 26.9016520989348
 12.27 70 26.68436899224164
 12.28 70 26.95490032753326
 12.29 70 26.74478162274318
 12.3 70 26.76077999748828
 12.31 70 26.86539951343846
 12.32 70 27.02123586321165
 12.33 70 26.66694216679064
 12.34 70 26.87704238805491
 12.35 70 26.97046176851706
 12.36 70 26.87178905216872
 12.37 70 27.0994924569312
 12.38 70 26.84108710689951
 12.39 70 27.01516766323458
 12.4 70 26.63923842577624
 12.41 70 26.82798092710781
 12.42 70 27.07286239085016
 12.43 70 27.24183062176091
 12.44 70 26.59334456593431
 12.45 70 26.85251387353516
 12.46 70 27.04057476807993
 12.47 70 26.86473165812345
 12.48 70 26.98735139125684
 12.49 70 26.94330136812293
 12.5 70 26.58045609194046
 12.51 70 26.49969867526617
 12.52 70 26.68121449339786
 12.53 70 27.03627054630999
 12.54 70 26.89224074766431
 12.55 70 26.83690669985904
 12.56 70 27.01540952697275
 12.57 70 26.7703447954319
 12.58 70 26.37982555296998
 12.59 70 27.12496648344312
 12.6 70 26.95727075544673
 12.61 70 26.81293694491022
 12.62 70 27.18823316029897
 12.63 70 27.08902684873437
 12.64 70 26.9773746963748
 12.65 70 27.06252965302343
 12.66 70 26.97502959762934
 12.67 70 26.69868797867306
 12.68 70 27.22795981137287
 12.69 70 27.05039430886724
 12.7 70 26.96183257550352
 12.71 70 26.86929743848981
 12.72 70 26.90505752052156
 12.73 70 27.16977160763148
 12.74 70 26.98329098870473
 12.75 70 27.39313641991052
 12.76 70 26.80740062048162
 12.77 70 27.12279646057167
 12.78 70 27.18369422947993
 12.79 70 27.13888692966996
 12.8 70 27.23014373223606
 12.81 70 26.80049611442931
 12.82 70 26.72529046138661
 12.83 70 26.98513203243506
 12.84 70 27.26655974638647
 12.85 70 27.24851388903818
 12.86 70 27.20398375795109
 12.87 70 27.19642477381796
 12.88 70 26.59925421769193
 12.89 70 26.59116364626867
 12.9 70 26.4414819448649
 12.91 70 27.03598588270322
 12.92 70 26.90311488497884
 12.93 70 26.82193339328247
 12.94 70 26.79544311996285
 12.95 70 27.35751135021824
 12.96 70 26.85311809750724
 12.97 70 26.69792546366082
 12.98 70 26.87145937996894
 12.99 70 26.53317473386024
 13 70 26.98991453074299
 13.01 70 26.93666770065948
 13.02 70 26.62175828396462
 13.03 70 26.68955664938192
 13.04 70 27.4145977632444
 13.05 70 26.79841324638661
 13.06 70 27.09330731536279
 13.07 70 27.04947484405073
 13.08 70 27.04515892902649
 13.09 70 27.14251242216388
 13.1 70 27.22801325001906
 13.11 70 26.94952478073935
 13.12 70 27.2277029135344
 13.13 70 27.37157619021684
 13.14 70 27.39041113244797
 13.15 70 27.45709642229179
 13.16 70 27.12884120871243
 13.17 70 27.24148511567708
 13.18 70 26.87937421417463
 13.19 70 27.09215983713028
 13.2 70 26.77549181403726
 13.21 70 26.87138141369359
 13.22 70 27.09253911741537
 13.23 70 26.66850527094334
 13.24 70 26.82103179270268
 13.25 70 26.91184381303261
 13.26 70 27.36330028167357
 13.27 70 27.20986622996741
 13.28 70 27.42661831205458
 13.29 70 27.34494987161218
 13.3 70 26.94072904756186
 13.31 70 26.94928704485446
 13.32 70 27.0964167383257
 13.33 70 26.96727725151532
 13.34 70 26.86098595904334
 13.35 70 27.05476429325661
 13.36 70 27.53363390371842
 13.37 70 26.92893272927621
 13.38 70 27.16596289395189
 13.39 70 27.05488446087617
 13.4 70 27.30788174498917
 13.41 70 27.23100094793221
 13.42 70 27.0738467841975
 13.43 70 26.95316451868311
 13.44 70 27.25695915859276
 13.45 70 27.05096014604006
 13.46 70 27.20573547048984
 13.47 70 26.78453628196084
 13.48 70 27.52450174314324
 13.49 70 27.02550538603685
 13.5 70 26.99158547813093
 13.51 70 27.15381810150149
 13.52 70 27.08517405912351
 13.53 70 27.24599409439814
 13.54 70 26.92626969440098
 13.55 70 27.02607769678622
 13.56 70 26.914794470903
 13.57 70 27.13546700330333
 13.58 70 26.90229305004916
 13.59 70 27.30940031539337
 13.6 70 27.20489554063658
 13.61 70 26.67331577112492
 13.62 70 27.48243484878275
 13.63 70 27.21156369980691
 13.64 70 26.90483459689315
 13.65 70 27.10287138031832
 13.66 70 26.49390412484314
 13.67 70 26.80006854381649
 13.68 70 27.128923978814
 13.69 70 27.19463315619663
 13.7 70 26.93999781609146
 13.71 70 27.1319524108396
 13.72 70 26.97624553916714
 13.73 70 27.27172585455732
 13.74 70 26.85797310809403
 13.75 70 27.42037627397789
 13.76 70 27.120383631242
 13.77 70 27.13107769591575
 13.78 70 27.29717721622303
 13.79 70 27.51137109025244
 13.8 70 27.12519341216848
 13.81 70 27.16564739883579
 13.82 70 27.07958849367755
 13.83 70 27.05415005605568
 13.84 70 27.09003092175482
 13.85 70 27.12904791093663
 13.86 70 27.09875140686503
 13.87 70 26.89759905401217
 13.88 70 27.07808100738843
 13.89 70 27.15246082914248
 13.9 70 26.79663935478855
 13.91 70 27.1898278549715
 13.92 70 27.37506329179843
 13.93 70 27.27853304794522
 13.94 70 26.88627960001471
 13.95 70 27.16920771418246
 13.96 70 27.17427911901106
 13.97 70 27.27821128311625
 13.98 70 27.11991559644072
 13.99 70 27.43768800609465
 14 70 27.25684333598292
 14.01 70 27.0774372583746
 14.02 70 27.1948957532235
 14.03 70 27.10230325391704
 14.04 70 27.41443919037875
 14.05 70 27.16188664011818
 14.06 70 26.72509233881172
 14.07 70 27.1939282018674
 14.08 70 26.89142504584504
 14.09 70 27.10660901707493
 14.1 70 27.18377211383456
 14.11 70 27.08626820210914
 14.12 70 26.96745359364104
 14.13 70 27.28437720495474
 14.14 70 27.16228883699201
 14.15 70 27.28974484247649
 14.16 70 27.13695280095898
 14.17 70 27.10587417059966
 14.18 70 26.91059499347199
 14.19 70 27.15384557126856
 14.2 70 27.12507784221372
 14.21 70 27.14537328175114
 14.22 70 26.97440690901659
 14.23 70 27.10941799448406
 14.24 70 27.24120635423856
 14.25 70 27.08163811662521
 14.26 70 27.16139928502453
 14.27 70 27.3524456822633
 14.28 70 27.30037641836777
 14.29 70 27.22274007011225
 14.3 70 27.00997761753906
 14.31 70 26.99473411996041
 14.32 70 26.84122634643119
 14.33 70 27.14436798773231
 14.34 70 26.89640091997609
 14.35 70 27.57399308899334
 14.36 70 27.16837160156136
 14.37 70 27.01870899312701
 14.38 70 26.8933403887661
 14.39 70 27.10115824074983
 14.4 70 27.514657874233
 14.41 70 26.87945364594434
 14.42 70 27.39387470037993
 14.43 70 27.82983994430248
 14.44 70 27.16508430206848
 14.45 70 27.44537289179707
 14.46 70 27.36792047826734
 14.47 70 27.34498368932479
 14.48 70 26.78422205521107
 14.49 70 27.24094814274308
 14.5 70 27.31346364605069
 14.51 70 27.36525592060529
 14.52 70 27.18734886415752
 14.53 70 26.92361272684566
 14.54 70 27.13443344696291
 14.55 70 27.47815442173559
 14.56 70 27.2997613598308
 14.57 70 27.29128952781657
 14.58 70 27.20682537495638
 14.59 70 27.09758904858896
 14.6 70 26.71558581229933
 14.61 70 27.25747983034566
 14.62 70 27.36818143627456
 14.63 70 27.24850002616764
 14.64 70 27.34060418808859
 14.65 70 27.31982932740838
 14.66 70 27.2042095921521
 14.67 70 27.05879956057839
 14.68 70 27.35801826307824
 14.69 70 27.31830537058798
 14.7 70 27.15152225681975
 14.71 70 27.02082394968797
 14.72 70 27.09338809667399
 14.73 70 27.08551555339133
 14.74 70 26.98770798028414
 14.75 70 27.46197090622528
 14.76 70 27.14655659878762
 14.77 70 27.4809720923928
 14.78 70 27.01721019498646
 14.79 70 27.16602701980948
 14.8 70 27.14006183175203
 14.81 70 27.49023141497855
 14.82 70 27.3575371727919
 14.83 70 27.14876606012149
 14.84 70 26.94175167015577
 14.85 70 27.14463193828001
 14.86 70 27.20551599873804
 14.87 70 26.90461427250273
 14.88 70 27.34228345272369
 14.89 70 26.86474517873345
 14.9 70 27.14074924472076
 14.91 70 26.92340398288335
 14.92 70 27.07720322356932
 14.93 70 27.11780366930256
 14.94 70 27.00249253010513
 14.95 70 27.12439957809464
 14.96 70 27.43008268692305
 14.97 70 26.9186659845434
 14.98 70 27.2721156827644
 14.99 70 27.16035744411456
 15 70 27.22071892117509
 15.01 70 27.29285443942135
 15.02 70 27.34033852714855
 15.03 70 27.25124454543522
 15.04 70 27.27855574574716
 15.05 70 27.05539313401385
 15.06 70 26.86840679635813
 15.07 70 27.25754242696686
 15.08 70 27.10793550026188
 15.09 70 27.4419635735896
 15.1 70 27.13760610708068
 15.11 70 26.68264081715406
 15.12 70 27.15716270215092
 15.13 70 27.50955952192221
 15.14 70 27.17389602935579
 15.15 70 27.22716268441329
 15.16 70 27.06805623720204
 15.17 70 26.94043998437404
 15.18 70 27.35052499647823
 15.19 70 27.31623029993221
 15.2 70 27.40131902665177
 15.21 70 27.27313534046322
 15.22 70 27.07923716081969
 15.23 70 26.97912044882641
 15.24 70 27.43994822483629
 15.25 70 27.53108238691432
 15.26 70 27.31245325328971
 15.27 70 26.87825261264271
 15.28 70 27.32342295518893
 15.29 70 26.89259047996186
 15.3 70 27.12431503913017
 15.31 70 27.25210937760938
 15.32 70 27.30509913226332
 15.33 70 26.87649552705253
 15.34 70 27.11117748767723
 15.35 70 27.08668359781066
 15.36 70 27.31900184286479
 15.37 70 27.37462517150717
 15.38 70 27.32102316082379
 15.39 70 27.446498410835
 15.4 70 26.99237194252262
 15.41 70 27.12596006109317
 15.42 70 27.3649551758471
 15.43 70 27.48154306017715
 15.44 70 26.87628483675663
 15.45 70 27.09819281559802
 15.46 70 27.15384279927597
 15.47 70 27.14433587902059
 15.48 70 27.28908178515813
 15.49 70 27.3211957081096
 15.5 70 27.40964851294927
 15.51 70 27.12204739376433
 15.52 70 27.12011791683828
 15.53 70 27.18676415498217
 15.54 70 27.17235380356846
 15.55 70 27.21268004069948
 15.56 70 27.20760675820914
 15.57 70 26.97080634816484
 15.58 70 27.57198625406996
 15.59 70 27.24329956883468
 15.6 70 27.15757669648889
 15.61 70 27.16298246371503
 15.62 70 27.05230536334985
 15.63 70 26.78965825280146
 15.64 70 27.35200545559946
 15.65 70 27.47093870644501
 15.66 70 27.09979633116214
 15.67 70 27.46733435204733
 15.68 70 27.53482272035409
 15.69 70 27.38347236614485
 15.7 70 27.40617860159169
 15.71 70 27.44132756825399
 15.72 70 27.31587197921371
 15.73 70 27.00903590373892
 15.74 70 26.92669234754644
 15.75 70 27.05093839837269
 15.76 70 26.80412885643758
 15.77 70 27.27915020643812
 15.78 70 27.2347088236266
 15.79 70 27.32101654798311
 15.8 70 27.29477295020282
 15.81 70 27.02953400445146
 15.82 70 27.14685811392953
 15.83 70 27.32857636353896
 15.84 70 27.15566460301073
 15.85 70 27.11836768409914
 15.86 70 26.96546159436637
 15.87 70 26.79268214134771
 15.88 70 27.11715775582927
 15.89 70 27.07161388319068
 15.9 70 26.82540675328681
 15.91 70 27.03166326465688
 15.92 70 27.19611783006987
 15.93 70 27.26334763173134
 15.94 70 27.02107065987542
 15.95 70 26.93283885606519
 15.96 70 27.16413888027514
 15.97 70 27.35304484481646
 15.98 70 27.25980227384036
 15.99 70 27.26466601854523
 16 70 26.99217660647487
 16.01 70 27.14703934669933
 16.02 70 27.11677586785383
 16.03 70 26.98699923510714
 16.04 70 26.67159365520911
 16.05 70 27.08218847352168
 16.06 70 27.52728050884955
 16.07 70 26.89777910904329
 16.08 70 27.21139946206817
 16.09 70 27.1902731894812
 16.1 70 27.09832801464692
 16.11 70 27.23235288764185
 16.12 70 27.25320504129762
 16.13 70 27.27747648905452
 16.14 70 27.104287146133
 16.15 70 27.099479851519
 16.16 70 27.05501686923181
 16.17 70 27.60171290826635
 16.18 70 27.49674020877132
 16.19 70 27.20304748789471
 16.2 70 27.60189639874453
 16.21 70 27.17302768384728
 16.22 70 27.18893360063798
 16.23 70 27.18211429482359
 16.24 70 27.38039853859085
 16.25 70 27.1204164461998
 16.26 70 27.18141100716649
 16.27 70 27.4220141115469
 16.28 70 27.16008922861699
 16.29 70 27.16718729229239
 16.3 70 27.3602761500031
 16.31 70 27.29343365143254
 16.32 70 27.36377173026103
 16.33 70 27.2527035559472
 16.34 70 27.33183784050052
 16.35 70 27.38544846157576
 16.36 70 27.29711818014472
 16.37 70 26.91584172788787
 16.38 70 27.42545062599494
 16.39 70 26.97338665871598
 16.4 70 27.37829995150201
 16.41 70 27.03843486604183
 16.42 70 26.91068030962558
 16.43 70 27.3142748677204
 16.44 70 27.12704001771453
 16.45 70 27.75033342714241
 16.46 70 27.44781439913358
 16.47 70 27.26272768108429
 16.48 70 27.03186679293022
 16.49 70 27.01966616424612
 16.5 70 27.35123181905391
 16.51 70 27.19879320867042
 16.52 70 27.0284578611117
 16.53 70 27.05804159562898
 16.54 70 26.87611208860672
 16.55 70 27.11378324358089
 16.56 70 27.30473005269432
 16.57 70 27.16909109957244
 16.58 70 27.26177193745719
 16.59 70 27.30648137613769
 16.6 70 27.17636321291462
 16.61 70 27.55836582764247
 16.62 70 26.99255588250623
 16.63 70 26.86105775146312
 16.64 70 27.07573372355689
 16.65 70 27.02791497259589
 16.66 70 27.33022064655012
 16.67 70 27.39487357345613
 16.68 70 27.17459080201012
 16.69 70 26.88709221634736
 16.7 70 27.26897114163653
 16.71 70 27.06608063196914
 16.72 70 27.16513813996805
 16.73 70 26.96858974448218
 16.74 70 26.65064394318643
 16.75 70 27.06065266441772
 16.76 70 28.01377517792905
 16.77 70 27.17716079546005
 16.78 70 27.23516253549806
 16.79 70 27.26823551942926
 16.8 70 27.14311476104572
 16.81 70 27.20439317256259
 16.82 70 27.05325501958486
 16.83 70 27.15566736023689
 16.84 70 27.40215096769472
 16.85 70 27.24064441413311
 16.86 70 26.88613741056051
 16.87 70 27.20480154390727
 16.88 70 27.2046880671336
 16.89 70 27.01023014874984
 16.9 70 27.17715914640699
 16.91 70 26.80706566414248
 16.92 70 27.00783627771403
 16.93 70 27.41411491141811
 16.94 70 26.9757941212525
 16.95 70 27.18906779198171
 16.96 70 26.86475934059791
 16.97 70 27.13426876530771
 16.98 70 27.26880169697423
 16.99 70 27.27422985765347
 17 70 27.19730240229567
 17.01 70 26.77384043882985
 17.02 70 27.33928311299217
 17.03 70 27.25841749757284
 17.04 70 27.35157519091938
 17.05 70 27.09153622400355
 17.06 70 27.62477946200195
 17.07 70 27.14934580696166
 17.08 70 26.99893352229223
 17.09 70 26.8571385558549
 17.1 70 27.00123402577229
 17.11 70 27.28890754082086
 17.12 70 27.12567260055894
 17.13 70 27.15534848927764
 17.14 70 26.9735031339216
 17.15 70 26.97459487114417
 17.16 70 27.2584673407617
 17.17 70 27.16341200229163
 17.18 70 27.56488059546212
 17.19 70 27.12988999121078
 17.2 70 26.97695388369428
 17.21 70 27.03712115475284
 17.22 70 26.86734579227849
 17.23 70 27.18638182871151
 17.24 70 27.50503854506415
 17.25 70 26.95424620548365
 17.26 70 27.15883317491521
 17.27 70 27.27919863295509
 17.28 70 27.37742497260173
 17.29 70 27.12093734109433
 17.3 70 27.13554988821835
 17.31 70 27.25077176656986
 17.32 70 27.1302937753562
 17.33 70 27.21552183021197
 17.34 70 27.45590323625951
 17.35 70 27.40455008637322
 17.36 70 27.49637507711691
 17.37 70 27.30505605018172
 17.38 70 27.15145832726484
 17.39 70 27.32669185067351
 17.4 70 27.13476591955375
 17.41 70 27.21512191785541
 17.42 70 27.28055699871135
 17.43 70 27.23846696896003
 17.44 70 27.03092888767152
 17.45 70 27.16210240083224
 17.46 70 27.11720902057272
 17.47 70 27.17465507818934
 17.48 70 27.35530549275777
 17.49 70 27.36122549874025
 17.5 70 26.87495618260557
 17.51 70 27.09795656856582
 17.52 70 27.38975033417408
 17.53 70 27.02681030483884
 17.54 70 27.21759607728562
 17.55 70 26.5951412941273
 17.56 70 27.12871731025037
 17.57 70 27.29857412494378
 17.58 70 27.2465638596621
 17.59 70 26.98428892093773
 17.6 70 27.17825550295228
 17.61 70 27.18574746147134
 17.62 70 26.9846620852696
 17.63 70 27.18788557951674
 17.64 70 27.22380584406707
 17.65 70 27.2166875611017
 17.66 70 27.37135197355275
 17.67 70 27.24109282212167
 17.68 70 27.4589865525318
 17.69 70 27.20296592215845
 17.7 70 26.76131627373598
 17.71 70 27.00285988490726
 17.72 70 27.2006179320736
 17.73 70 27.39093399643527
 17.74 70 27.23273199776056
 17.75 70 27.2702502367585
 17.76 70 27.10521863778625
 17.77 70 26.86616749276054
 17.78 70 27.05541648390163
 17.79 70 26.92370643700101
 17.8 70 27.2311231003154
 17.81 70 27.01074333995864
 17.82 70 27.51291750425819
 17.83 70 26.82628335629443
 17.84 70 26.74933162675812
 17.85 70 27.01039647447856
 17.86 70 27.33234569467367
 17.87 70 27.55587220564689
 17.88 70 27.17885051250794
 17.89 70 26.92594574129812
 17.9 70 27.38930379016224
 17.91 70 27.32078720770133
 17.92 70 27.03698175697243
 17.93 70 27.34035050454001
 17.94 70 26.72610024657828
 17.95 70 26.9481280069216
 17.96 70 27.23335767261607
 17.97 70 27.02331850217865
 17.98 70 27.21909392942523
 17.99 70 27.24700888159127
 18 70 27.18492413765858
 18.01 70 27.56145240926929
 18.02 70 27.03379363442069
 18.03 70 27.06520621214385
 18.04 70 26.77739893029935
 18.05 70 27.35693790891157
 18.06 70 27.10437384618979
 18.07 70 27.03594520294354
 18.08 70 27.21737232825206
 18.09 70 27.55094262900032
 18.1 70 27.10238846606989
 18.11 70 27.29644439473248
 18.12 70 27.04567976217634
 18.13 70 27.3136258755988
 18.14 70 27.08445592780639
 18.15 70 27.39881116494115
 18.16 70 27.10209758268199
 18.17 70 27.64868716371081
 18.18 70 26.8144518417181
 18.19 70 27.14164410235948
 18.2 70 27.13812160998389
 18.21 70 26.90515073219977
 18.22 70 27.3250843913149
 18.23 70 27.07949570469583
 18.24 70 27.12246146880137
 18.25 70 27.46690414414926
 18.26 70 27.10006729627491
 18.27 70 27.44182366434393
 18.28 70 27.44006782342656
 18.29 70 26.84535574559949
 18.3 70 27.28974011281359
 18.31 70 27.14793065922045
 18.32 70 27.45839322792566
 18.33 70 27.40813210119674
 18.34 70 26.99643594394898
 18.35 70 27.22613426200507
 18.36 70 26.86089727805976
 18.37 70 26.79828200965656
 18.38 70 26.96241016598789
 18.39 70 26.77766029727718
 18.4 70 27.2934495814798
 18.41 70 27.00094997681319
 18.42 70 27.17775311481902
 18.43 70 27.15018146680984
 18.44 70 27.08600636798952
 18.45 70 27.31978895630159
 18.46 70 27.10189312597716
 18.47 70 26.98822064431539
 18.48 70 26.98402882220063
 18.49 70 27.23586196657823
 18.5 70 27.66145149991215
 18.51 70 26.98032564287224
 18.52 70 27.43937687560859
 18.53 70 27.29504794329432
 18.54 70 27.04208220770333
 18.55 70 27.35386717853189
 18.56 70 27.05667685040622
 18.57 70 27.43661526594739
 18.58 70 26.95615044596693
 18.59 70 26.91918928615805
 18.6 70 27.00957511033163
 18.61 70 27.33163928198161
 18.62 70 27.03151979287798
 18.63 70 27.24533129300566
 18.64 70 27.26214531284181
 18.65 70 27.56352478341955
 18.66 70 27.12730727648141
 18.67 70 27.35548518151437
 18.68 70 27.29187547892159
 18.69 70 26.95073818583193
 18.7 70 27.20171755671745
 18.71 70 27.32485259598482
 18.72 70 27.30320065808903
 18.73 70 27.68536718833314
 18.74 70 27.22441878596361
 18.75 70 26.90793461843592
 18.76 70 27.1623057711254
 18.77 70 27.13059179159942
 18.78 70 27.11754732218213
 18.79 70 27.48289129149193
 18.8 70 27.18250608662839
 18.81 70 27.30679018481035
 18.82 70 27.20168286882998
 18.83 70 27.01662055843009
 18.84 70 27.36670989017918
 18.85 70 26.82977668281676
 18.86 70 27.0739983080834
 18.87 70 27.5470476091692
 18.88 70 26.96490800141873
 18.89 70 27.29922176301872
 18.9 70 27.30581228069172
 18.91 70 27.1337415140757
 18.92 70 27.34208888318749
 18.93 70 27.09233561347661
 18.94 70 27.11443869166956
 18.95 70 27.1306769239361
 18.96 70 27.24790249472061
 18.97 70 26.7597767509715
 18.98 70 26.9993396904745
 18.99 70 27.55365981426703
 19 70 27.16053042678353
 19.01 70 27.09787182475807
 19.02 70 27.21597574217908
 19.03 70 27.28872437039178
 19.04 70 27.25079851904501
 19.05 70 27.14480484695881
 19.06 70 27.16515518211623
 19.07 70 27.20587235301895
 19.08 70 27.09965165270567
 19.09 70 27.25305766501422
 19.1 70 27.08404648392466
 19.11 70 27.17561728856293
 19.12 70 26.81385271410253
 19.13 70 27.47670639793551
 19.14 70 27.21123934089137
 19.15 70 27.32836896988477
 19.16 70 26.96971562087358
 19.17 70 27.30261653782134
 19.18 70 27.40215254464343
 19.19 70 27.17509213910575
 19.2 70 27.37570857882372
 19.21 70 27.19514370713379
 19.22 70 27.24499800748605
 19.23 70 27.00731306705095
 19.24 70 27.28017044705474
 19.25 70 27.10406936936087
 19.26 70 27.04199968721138
 19.27 70 26.78359365609149
 19.28 70 27.07059182458876
 19.29 70 27.19916685236343
 19.3 70 27.10473881441752
 19.31 70 27.15636299837027
 19.32 70 27.09751528890018
 19.33 70 27.18680191535326
 19.34 70 27.30243568681116
 19.35 70 27.02274779979378
 19.36 70 26.75318474976446
 19.37 70 27.26078088816289
 19.38 70 26.96177387821722
 19.39 70 27.10008484026795
 19.4 70 27.20951283992118
 19.41 70 27.39795005185715
 19.42 70 26.92882452386474
 19.43 70 27.5856132168479
 19.44 70 27.06464283260584
 19.45 70 27.07972505884085
 19.46 70 26.92725066655996
 19.47 70 27.04444157270885
 19.48 70 27.09560496280283
 19.49 70 27.01543164183134
 19.5 70 27.37449902269698
 19.51 70 26.92092211952993
 19.52 70 27.24745822747049
 19.53 70 27.38136030775656
 19.54 70 27.06059827015381
 19.55 70 27.52449117687127
 19.56 70 27.16202377397023
 19.57 70 26.97344209468624
 19.58 70 27.41868477083237
 19.59 70 27.18257181556681
 19.6 70 27.22442368127392
 19.61 70 27.17479329650587
 19.62 70 27.05520483481427
 19.63 70 27.25612740711681
 19.64 70 27.17139627984576
 19.65 70 27.13988571986384
 19.66 70 27.09432430340271
 19.67 70 27.3954333909584
 19.68 70 27.05465151056888
 19.69 70 26.93705637357337
 19.7 70 27.19809945948967
 19.71 70 27.08358008252585
 19.72 70 27.14062836969327
 19.73 70 26.89734413380435
 19.74 70 27.35211184448024
 19.75 70 27.09063980336959
 19.76 70 27.54845228300193
 19.77 70 27.2557672409766
 19.78 70 27.04632087384789
 19.79 70 27.27484258137626
 19.8 70 27.12591248246712
 19.81 70 26.96870704465642
 19.82 70 26.89342050889793
 19.83 70 27.3088890889218
 19.84 70 26.95526176866496
 19.85 70 27.25835933445611
 19.86 70 27.00881108519748
 19.87 70 27.34184065628491
 19.88 70 27.25774341131184
 19.89 70 26.96720152820106
 19.9 70 27.36238073343178
 19.91 70 27.24651483353478
 19.92 70 27.36057457820772
 19.93 70 27.01710566489766
 19.94 70 27.39197112635683
 19.95 70 26.95252351620766
 19.96 70 27.09626898207527
 19.97 70 27.07277895072856
 19.98 70 27.41401405417642
 19.99 70 27.05500686324008
 20 70 27.20384444322606
 20.01 70 27.28226644553265
 20.02 70 27.01685533518154
 20.03 70 27.05656845520253
 20.04 70 27.23709943976215
 20.05 70 27.29734767345256
 20.06 70 27.13318883893531
 20.07 70 27.06928878779579
 20.08 70 26.8944478974511
 20.09 70 27.2961788213638
 20.1 70 27.25707697952103
 20.11 70 27.20513360091872
 20.12 70 27.39282138848203
 20.13 70 27.48852448555827
 20.14 70 27.69430283703479
 20.15 70 27.45575687310973
 20.16 70 27.0420201660051
 20.17 70 27.07264773675154
 20.18 70 27.37952997333175
 20.19 70 26.97624804610898
 20.2 70 27.35233152590083
 20.21 70 27.51415565071623
 20.22 70 27.28595915254244
 20.23 70 27.18557170354838
 20.24 70 27.30254885812187
 20.25 70 27.30843805846244
 20.26 70 27.0585913697525
 20.27 70 27.10970682094043
 20.28 70 27.46200443286641
 20.29 70 27.52722710359998
 20.3 70 27.03792306800002
 20.31 70 27.2656390145285
 20.32 70 27.20193693645737
 20.33 70 26.92025394165497
 20.34 70 27.48699634536992
 20.35 70 26.94894256983907
 20.36 70 27.42968479973478
 20.37 70 27.01633449042589
 20.38 70 27.0974680659602
 20.39 70 27.01072776257006
 20.4 70 27.15186498599059
 20.41 70 27.4025231518612
 20.42 70 27.08823741688274
 20.43 70 26.9473419929898
 20.44 70 27.30309477449467
 20.45 70 26.93941615672799
 20.46 70 27.00960663805201
 20.47 70 27.27469334479264
 20.48 70 27.28076085653844
 20.49 70 26.40840076137225
 20.5 70 27.66475914421592
 20.51 70 26.92325251379006
 20.52 70 27.12452024640316
 20.53 70 27.06213872811668
 20.54 70 27.3923189210612
 20.55 70 27.2900154888601
 20.56 70 27.2250427739096
 20.57 70 27.26429348097208
 20.58 70 27.34900729837715
 20.59 70 27.09075508662875
 20.6 70 27.15676090700716
 20.61 70 26.95754332105138
 20.62 70 27.44073168654532
 20.63 70 27.0313043124259
 20.64 70 27.56862927917323
 20.65 70 27.45694923744481
 20.66 70 27.0037727062627
 20.67 70 27.19093648612408
 20.68 70 27.11692480653792
 20.69 70 27.26100270858086
 20.7 70 27.25220347809353
 20.71 70 26.99759188323469
 20.72 70 27.18190441344816
 20.73 70 27.15524292234456
 20.74 70 26.97733540555557
 20.75 70 27.25851821012994
 20.76 70 26.78019176459682
 20.77 70 27.29418893761208
 20.78 70 26.70427934103677
 20.79 70 27.17054221160543
 20.8 70 27.63787396482986
 20.81 70 27.17495394425466
 20.82 70 27.3984256220371
 20.83 70 26.99815058866141
 20.84 70 27.19448265247475
 20.85 70 27.32090606475694
 20.86 70 27.10751359640805
 20.87 70 27.47919867921006
 20.88 70 27.33011009733491
 20.89 70 27.31484746584648
 20.9 70 27.09914901505999
 20.91 70 27.03185404185718
 20.92 70 27.07043916048539
 20.93 70 26.77691823754813
 20.94 70 27.00523543838443
 20.95 70 27.18026744848309
 20.96 70 27.35058068140102
 20.97 70 27.18659966287306
 20.98 70 27.15905160806346
 20.99 70 27.58697353195543
 21 70 27.33726169995431
 21.01 70 27.17115546223346
 21.02 70 27.33565486288626
 21.03 70 27.020141041503
 21.04 70 27.14936592761629
 21.05 70 27.59451262155184
 21.06 70 27.05125967506935
 21.07 70 27.03208267538563
 21.08 70 27.3232071519797
 21.09 70 27.56223278432951
 21.1 70 26.83594128097695
 21.11 70 27.03571445821888
 21.12 70 27.04865847839154
 21.13 70 27.32473122180517
 21.14 70 27.29546653746419
 21.15 70 27.37356414015219
 21.16 70 26.97718858497665
 21.17 70 27.10536658572635
 21.18 70 27.24543947733277
 21.19 70 26.96353521080993
 21.2 70 27.06854814682166
 21.21 70 27.457586513232
 21.22 70 27.05857268910188
 21.23 70 27.09647175883428
 21.24 70 27.31992117769759
 21.25 70 27.26716657145842
 21.26 70 27.20685428163639
 21.27 70 27.13141350112385
 21.28 70 27.31250976612505
 21.29 70 27.82856153902781
 21.3 70 27.04609583776185
 21.31 70 27.49785106804875
 21.32 70 27.47534228827212
 21.33 70 26.99732207055824
 21.34 70 27.19321246992635
 21.35 70 27.19858578171595
 21.36 70 27.07765396164476
 21.37 70 27.37583284355593
 21.38 70 27.26733125420813
 21.39 70 27.16408347798515
 21.4 70 27.09524081687437
 21.41 70 27.30009625246119
 21.42 70 26.85898093136323
 21.43 70 27.27049147757598
 21.44 70 27.34016753938908
 21.45 70 27.08086491754525
 21.46 70 27.37953329838414
 21.47 70 26.83034375340339
 21.48 70 27.55504451054356
 21.49 70 27.64411631944862
 21.5 70 27.09965123915492
 21.51 70 27.34292244091117
 21.52 70 27.15049632024524
 21.53 70 27.37049114063151
 21.54 70 27.47667680547292
 21.55 70 27.33007196749635
 21.56 70 27.44442616252204
 21.57 70 26.9789220964096
 21.58 70 27.41012131880602
 21.59 70 27.17959301075274
 21.6 70 27.25141195526003
 21.61 70 27.19062374808792
 21.62 70 27.28891512813893
 21.63 70 26.82593999480613
 21.64 70 27.1208071933689
 21.65 70 26.99299918518913
 21.66 70 27.54880298693269
 21.67 70 27.25589094038433
 21.68 70 27.42554076793526
 21.69 70 27.10209452157304
 21.7 70 27.19068216542181
 21.71 70 27.49430000336358
 21.72 70 27.54620639289173
 21.73 70 27.42956716559618
 21.74 70 26.99864361686057
 21.75 70 27.12507795018939
 21.76 70 27.56387582293497
 21.77 70 27.05638819764036
 21.78 70 27.1389099805882
 21.79 70 27.05953601990866
 21.8 70 27.58915832894121
 21.81 70 26.95944032041805
 21.82 70 27.30640174128975
 21.83 70 27.06008152984434
 21.84 70 27.07497775423966
 21.85 70 27.10201826682061
 21.86 70 27.27721062062909
 21.87 70 27.38374777116687
 21.88 70 27.644086124452
 21.89 70 27.28673220097878
 21.9 70 27.34876947852697
 21.91 70 27.05810696112778
 21.92 70 27.11615373310225
 21.93 70 27.03175171609825
 21.94 70 27.08130944346541
 21.95 70 27.02009596592179
 21.96 70 27.25454719277627
 21.97 70 27.32146702172802
 21.98 70 26.97279990687992
 21.99 70 27.45066351199173
 22 70 27.39821287975846
 22.01 70 27.26657855626425
 22.02 70 27.44756218301859
 22.03 70 27.13283236295248
 22.04 70 27.04888981499418
 22.05 70 27.18738777426494
 22.06 70 27.18249703239266
 22.07 70 27.11751778563588
 22.08 70 27.28916252553009
 22.09 70 27.09915268451337
 22.1 70 27.63991547368336
 22.11 70 27.3319811365298
 22.12 70 27.27771506683988
 22.13 70 27.06923006895833
 22.14 70 27.19228775244894
 22.15 70 27.2765082556367
 22.16 70 27.13647325255788
 22.17 70 27.01770593854777
 22.18 70 26.98452535614864
 22.19 70 26.99935876071905
 22.2 70 27.04987397415839
 22.21 70 27.14057334495125
 22.22 70 27.29271895786407
 22.23 70 27.47205703395158
 22.24 70 27.07901635688326
 22.25 70 27.33876562988025
 22.26 70 26.77894143045954
 22.27 70 27.32044837242423
 22.28 70 27.39119204495309
 22.29 70 27.19421642891901
 22.3 70 26.89183813462326
 22.31 70 27.32548383626479
 22.32 70 27.2292822234113
 22.33 70 27.21197105768875
 22.34 70 26.77872416457566
 22.35 70 27.15384171293556
 22.36 70 27.10120498829305
 22.37 70 26.7964683118645
 22.38 70 27.21456770733886
 22.39 70 27.08128808056717
 22.4 70 27.09481883674508
 22.41 70 27.28620752288286
 22.42 70 27.03860884569707
 22.43 70 26.998093241535
 22.44 70 27.45854144064826
 22.45 70 27.48948051667447
 22.46 70 27.24511344031275
 22.47 70 27.21479891397664
 22.48 70 27.39869905233506
 22.49 70 27.03875507643662
 22.5 70 27.21966475385434
 22.51 70 27.46184584333074
 22.52 70 26.87535040039295
 22.53 70 27.40559055453986
 22.54 70 27.05215483522456
 22.55 70 27.2184929904736
 22.56 70 27.22758101896047
 22.57 70 27.18961446620752
 22.58 70 27.42735824314717
 22.59 70 26.80845651679864
 22.6 70 26.90747318090584
 22.61 70 27.14010722382894
 22.62 70 27.15845854518975
 22.63 70 27.14768730965303
 22.64 70 27.10182479976509
 22.65 70 27.25274390559332
 22.66 70 26.88264184354374
 22.67 70 26.81573803365015
 22.68 70 26.99306574839013
 22.69 70 26.83459309707141
 22.7 70 27.18913553632965
 22.71 70 27.44817490370727
 22.72 70 27.51269900118926
 22.73 70 27.22332759923399
 22.74 70 27.41505106576837
 22.75 70 27.45451900761228
 22.76 70 27.15593875670224
 22.77 70 27.17768697004173
 22.78 70 27.38624818154035
 22.79 70 26.99112997336238
 22.8 70 26.90076685971706
 22.81 70 27.07439074276168
 22.82 70 27.22925506756578
 22.83 70 26.75837661389984
 22.84 70 27.08348856026905
 22.85 70 27.39914379286088
 22.86 70 27.45635893842313
 22.87 70 27.15862317162254
 22.88 70 27.15721399050386
 22.89 70 27.2830512868637
 22.9 70 27.08195859091164
 22.91 70 27.54670364532389
 22.92 70 27.17464148151834
 22.93 70 27.20791800926541
 22.94 70 26.72895105253651
 22.95 70 27.16928231351082
 22.96 70 27.32624170993699
 22.97 70 27.2536583346481
 22.98 70 26.85547782002962
 22.99 70 27.24576792324538
 23 70 27.00253372663735
 23.01 70 27.27813218235154
 23.02 70 26.86441329260819
 23.03 70 27.09387830719852
 23.04 70 27.02503032937794
 23.05 70 27.13320095170596
 23.06 70 27.03707358083721
 23.07 70 27.04229999284466
 23.08 70 27.1943889709339
 23.09 70 27.26641975997859
 23.1 70 27.26131382757614
 23.11 70 27.24729482358216
 23.12 70 27.06213580651058
 23.13 70 26.89580993981155
 23.14 70 27.45182710923281
 23.15 70 27.41238842810406
 23.16 70 27.49963503314506
 23.17 70 26.93596018142505
 23.18 70 27.12540254621604
 23.19 70 26.54763975673775
 23.2 70 27.01841003968592
 23.21 70 26.62840818184458
 23.22 70 27.35491831078477
 23.23 70 27.3993995376546
 23.24 70 27.2273816440385
 23.25 70 26.95146656794874
 23.26 70 27.40745205442994
 23.27 70 27.10088443939286
 23.28 70 27.32503062480166
 23.29 70 27.03926345536633
 23.3 70 26.87895815566318
 23.31 70 27.09159086667701
 23.32 70 27.18820111839915
 23.33 70 27.15950572613995
 23.34 70 27.237626729688
 23.35 70 27.15618833256486
 23.36 70 27.20596129508511
 23.37 70 27.31715650066448
 23.38 70 27.37901408239587
 23.39 70 26.95533794397647
 23.4 70 27.20886179509816
 23.41 70 27.16483775042025
 23.42 70 26.58927799015505
 23.43 70 27.43093030860472
 23.44 70 27.39219510049157
 23.45 70 27.23296396972339
 23.46 70 27.57689096571507
 23.47 70 27.27928275371347
 23.48 70 26.95515074987904
 23.49 70 26.9393293967226
 23.5 70 27.14492655556475
 23.51 70 27.25255215766934
 23.52 70 27.17370585048101
 23.53 70 27.2847549385405
 23.54 70 26.98608522615988
 23.55 70 26.90591509786809
 23.56 70 26.74957120548962
 23.57 70 27.22323018525567
 23.58 70 27.34245450969608
 23.59 70 26.78924540576873
 23.6 70 27.14312437847373
 23.61 70 27.31086325747982
 23.62 70 27.35216309546782
 23.63 70 27.01323689470776
 23.64 70 27.18382388545711
 23.65 70 26.9137082017914
 23.66 70 27.30171130354772
 23.67 70 26.97086705218569
 23.68 70 27.20057760358479
 23.69 70 27.32995783857626
 23.7 70 27.5676464979073
 23.71 70 27.03952519132481
 23.72 70 26.70861957495347
 23.73 70 27.08101038043893
 23.74 70 27.02489047926006
 23.75 70 26.86763398439029
 23.76 70 27.40807813242019
 23.77 70 26.93142783969549
 23.78 70 27.34166511074395
 23.79 70 27.42463996392609
 23.8 70 27.48195901393664
 23.81 70 27.09123088370598
 23.82 70 27.09418369872429
 23.83 70 26.94948465872242
 23.84 70 27.51487805377447
 23.85 70 26.98438009629367
 23.86 70 27.07631578218655
 23.87 70 27.29032758887851
 23.88 70 27.27205178057531
 23.89 70 27.10193097600598
 23.9 70 27.38135986257467
 23.91 70 27.37342788991618
 23.92 70 27.3567403810132
 23.93 70 27.47350992630992
 23.94 70 26.63941772391178
 23.95 70 27.19859706734015
 23.96 70 27.30298673733207
 23.97 70 27.25295481324406
 23.98 70 27.62891380783487
 23.99 70 27.03614530656013
 24 70 27.15185742825599
 24.01 70 26.98023476096619
 24.02 70 27.01588522050031
 24.03 70 27.23624213435276
 24.04 70 27.36187170383642
 24.05 70 27.06831300556712
 24.06 70 27.29582338341007
 24.07 70 27.47417246841121
 24.08 70 27.16113756439093
 24.09 70 27.54503965650083
 24.1 70 27.51522840016895
 24.11 70 27.05795418593909
 24.12 70 27.17184969994648
 24.13 70 26.8918151729309
 24.14 70 27.4878296212201
 24.15 70 27.18360946633757
 24.16 70 26.98741593026356
 24.17 70 27.1060407747829
 24.18 70 27.06967108348845
 24.19 70 27.06193506670158
 24.2 70 27.19869150406976
 24.21 70 27.35437011049639
 24.22 70 27.0999376828592
 24.23 70 26.8394210241356
 24.24 70 27.20843424824346
 24.25 70 26.819109176493
 24.26 70 27.38665037270667
 24.27 70 27.21120643060955
 24.28 70 27.3560673169059
 24.29 70 27.16998971898483
 24.3 70 27.59366353506639
 24.31 70 27.33982057999269
 24.32 70 27.06440455898202
 24.33 70 26.99514721961301
 24.34 70 27.04610982266073
 24.35 70 26.97453485687694
 24.36 70 27.38130941078971
 24.37 70 27.22263572780777
 24.38 70 27.19367977219315
 24.39 70 27.11533838954291
 24.4 70 27.13906061975394
 24.41 70 27.28193051422367
 24.42 70 27.28217308385918
 24.43 70 27.08399365592955
 24.44 70 26.81875298907089
 24.45 70 27.06521031838713
 24.46 70 27.26622796690233
 24.47 70 26.98480710507618
 24.48 70 27.11240303529601
 24.49 70 27.37262810471367
 24.5 70 27.26743365022071
 24.51 70 27.21351156547988
 24.52 70 26.96571874709621
 24.53 70 27.03417571522964
 24.54 70 27.59472913857202
 24.55 70 26.87175593048133
 24.56 70 27.21185332754433
 24.57 70 26.9030252449209
 24.58 70 27.30771544628396
 24.59 70 27.32827499734623
 24.6 70 27.37644556910779
 24.61 70 27.20924200694671
 24.62 70 27.44011413439362
 24.63 70 27.35646021342276
 24.64 70 27.34897075320854
 24.65 70 27.2256158948074
 24.66 70 27.49745886173058
 24.67 70 27.13434202220806
 24.68 70 27.36138300818574
 24.69 70 27.06553414666269
 24.7 70 27.35043448870911
 24.71 70 27.35878572644705
 24.72 70 27.26396700272938
 24.73 70 26.86180470511372
 24.74 70 27.05263985450172
 24.75 70 27.38827418156408
 24.76 70 27.27156903589454
 24.77 70 27.35187108927735
 24.78 70 26.84243940211442
 24.79 70 27.45825999234158
 24.8 70 27.37444067441232
 24.81 70 27.66071741961796
 24.82 70 27.18849322310326
 24.83 70 27.39663314739618
 24.84 70 27.3215133578139
 24.85 70 27.12119513481939
 24.86 70 27.06426278085182
 24.87 70 27.22908268743399
 24.88 70 27.03430652515237
 24.89 70 27.38252899552423
 24.9 70 26.94911639257072
 24.91 70 26.88248091583574
 24.92 70 27.13957030968269
 24.93 70 27.04337983988259
 24.94 70 27.18377781493679
 24.95 70 27.21477673670754
 24.96 70 27.63156887336727
 24.97 70 27.39689397835892
 24.98 70 27.22501948946374
 24.99 70 27.07187368919708
 25 70 27.08173388912389
 25.01 70 27.18696937724477
 25.02 70 26.98517633023381
 25.03 70 27.1486851171657
 25.04 70 27.39285413063741
 25.05 70 27.04416470705696
 25.06 70 27.15174031160597
 25.07 70 26.89218963392641
 25.08 70 27.04530391841746
 25.09 70 27.42322608833509
 25.1 70 27.03227756403232
 25.11 70 27.27614181238467
 25.12 70 27.05689362851818
 25.13 70 26.96311320256897
 25.14 70 27.0465216188385
 25.15 70 27.26140920917203
 25.16 70 27.21257202393834
 25.17 70 27.08496951818985
 25.18 70 26.97445056195691
 25.19 70 27.17197747477764
 25.2 70 27.32577448567438
 25.21 70 27.04948322461326
 25.22 70 27.0517902296741
 25.23 70 27.0300247433767
 25.24 70 27.32453852373201
 25.25 70 27.01905184059921
 25.26 70 27.52663313193645
 25.27 70 27.16604240022647
 25.28 70 27.46629046980041
 25.29 70 27.59349205876413
 25.3 70 27.13207582883627
 25.31 70 27.40807288011401
 25.32 70 27.28385182633411
 25.33 70 26.91852401609206
 25.34 70 27.27480412197214
 25.35 70 26.95328127785675
 25.36 70 27.18326841445496
 25.37 70 26.69608696206131
 25.38 70 26.82551975215824
 25.39 70 27.41841255312001
 25.4 70 27.27432850843688
 25.41 70 27.06257479077809
 25.42 70 27.2925508517024
 25.43 70 27.33754815412262
 25.44 70 27.03311564516475
 25.45 70 26.94477840481774
 25.46 70 27.14771548078294
 25.47 70 27.0825558695654
 25.48 70 27.48998816738345
 25.49 70 27.09642804918704
 25.5 70 26.81348604382701
 25.51 70 27.35631047253653
 25.52 70 26.9347874496937
 25.53 70 27.19300631417281
 25.54 70 27.23451236794985
 25.55 70 27.2644379677718
 25.56 70 27.26892900566843
 25.57 70 27.31457361048319
 25.58 70 27.31024361240152
 25.59 70 27.05908632424875
 25.6 70 27.02175185263894
 25.61 70 26.81749560422145
 25.62 70 27.34681081218617
 25.63 70 27.02633780200615
 25.64 70 27.25143757431057
 25.65 70 27.42657062382624
 25.66 70 27.00216030661921
 25.67 70 26.97387160598177
 25.68 70 27.24111778113203
 25.69 70 27.37542678228401
 25.7 70 27.02480249886768
 25.71 70 27.24061199906564
 25.72 70 26.94976664978922
 25.73 70 27.13900605102078
 25.74 70 27.03799641596836
 25.75 70 27.44550982159946
 25.76 70 27.30015616934765
 25.77 70 27.4537564644176
 25.78 70 26.82874164572323
 25.79 70 27.38236328715552
 25.8 70 27.45164499491057
 25.81 70 27.02334730243888
 25.82 70 26.90952987178682
 25.83 70 27.13665687423636
 25.84 70 27.20682276541566
 25.85 70 26.97661556414831
 25.86 70 27.35822462292141
 25.87 70 27.2604608096811
 25.88 70 27.18622592735364
 25.89 70 27.50178744869587
 25.9 70 27.3082016195929
 25.91 70 27.27410738139966
 25.92 70 27.17449147413968
 25.93 70 26.73822855623046
 25.94 70 27.74010257047319
 25.95 70 27.10143084205438
 25.96 70 27.51478575226546
 25.97 70 27.06064006865122
 25.98 70 27.0523302555467
 25.99 70 26.99176471499728
 26 70 27.06661279433082
 26.01 70 27.44697175350976
 26.02 70 27.01470613324021
 26.03 70 27.11151133347556
 26.04 70 27.52194309426424
 26.05 70 27.07293953259633
 26.06 70 27.40163990383376
 26.07 70 27.03096423096222
 26.08 70 27.38353127776193
 26.09 70 27.68227717952498
 26.1 70 26.86659730346449
 26.11 70 27.26963802339628
 26.12 70 27.00237757895838
 26.13 70 27.19555471644466
 26.14 70 27.14463048328185
 26.15 70 27.1622375759057
 26.16 70 27.09762204297806
 26.17 70 27.123373512602
 26.18 70 27.23247649392321
 26.19 70 27.16954663731266
 26.2 70 27.55967397190103
 26.21 70 27.34559627154648
 26.22 70 26.9336083294514
 26.23 70 27.16047431238491
 26.24 70 27.15005778373015
 26.25 70 27.16825113121785
 26.26 70 27.25960823233536
 26.27 70 27.2516651121395
 26.28 70 27.42296299026445
 26.29 70 26.9892631043289
 26.3 70 26.96846437739727
 26.31 70 27.16121204141775
 26.32 70 27.27610053632015
 26.33 70 27.0397388528464
 26.34 70 27.49949650958965
 26.35 70 27.22714511066461
 26.36 70 27.46914925074965
 26.37 70 26.85616681167387
 26.38 70 26.9289298027367
 26.39 70 27.12425958645547
 26.4 70 27.02631974698615
 26.41 70 27.36419997026971
 26.42 70 27.44451101203106
 26.43 70 27.2811814904024
 26.44 70 27.5315874266195
 26.45 70 26.85006595466952
 26.46 70 27.01746408387251
 26.47 70 27.32771238947251
 26.48 70 27.27780970493878
 26.49 70 27.42543662078131
 26.5 70 27.12639153576653
 26.51 70 27.24717546613608
 26.52 70 27.36532636289996
 26.53 70 26.70032392824297
 26.54 70 26.95843815789685
 26.55 70 27.13110494284638
 26.56 70 27.19934757098706
 26.57 70 27.28995954724998
 26.58 70 26.8831937734964
 26.59 70 27.85673395873198
 26.6 70 27.27311431046614
 26.61 70 27.12351975725712
 26.62 70 26.64103724977716
 26.63 70 27.17947803469751
 26.64 70 27.08743010927779
 26.65 70 27.57569354530442
 26.66 70 27.47150848534931
 26.67 70 26.88108213481775
 26.68 70 27.05522331878029
 26.69 70 27.37559877504064
 26.7 70 27.35346079792805
 26.71 70 27.21506410845043
 26.72 70 27.17566733555991
 26.73 70 27.25694219930878
 26.74 70 27.40260630547657
 26.75 70 27.43966937759699
 26.76 70 27.22251472627117
 26.77 70 27.40401453871956
 26.78 70 27.3105805661868
 26.79 70 26.90047476133772
 26.8 70 26.86072356130554
 26.81 70 27.63852529732242
 26.82 70 27.60992347435142
 26.83 70 27.35379613108431
 26.84 70 27.39945868739595
 26.85 70 27.63459358491968
 26.86 70 27.07816452735231
 26.87 70 27.45325423090871
 26.88 70 27.41812446984053
 26.89 70 26.98626045505432
 26.9 70 27.34548581580457
 26.91 70 27.22340387017344
 26.92 70 27.24965514351441
 26.93 70 27.43717271003597
 26.94 70 27.62797356693239
 26.95 70 27.47346776040042
 26.96 70 27.11920630032982
 26.97 70 27.20591521649415
 26.98 70 27.12201490933055
 26.99 70 26.78291858381245
 27 70 27.35335502683748
 27.01 70 27.38295253944489
 27.02 70 27.2687773889981
 27.03 70 26.87791678840534
 27.04 70 27.7726451562689
 27.05 70 26.9375289833181
 27.06 70 27.35596016930143
 27.07 70 26.95925023898561
 27.08 70 27.14313197402002
 27.09 70 27.34073613148051
 27.1 70 27.35804942152403
 27.11 70 26.97296008314777
 27.12 70 27.23842647646554
 27.13 70 27.25753483523578
 27.14 70 27.20330989013621
 27.15 70 27.15772508234016
 27.16 70 27.15625145640145
 27.17 70 27.29994956918335
 27.18 70 27.38479280317808
 27.19 70 27.30395807382843
 27.2 70 27.09975747507872
 27.21 70 27.33531940824832
 27.22 70 27.46766730326087
 27.23 70 26.93263180912322
 27.24 70 27.022184772028
 27.25 70 27.51222207965824
 27.26 70 27.19399048465175
 27.27 70 27.1972774061215
 27.28 70 27.20452347977065
 27.29 70 27.15212668935019
 27.3 70 27.17502431519548
 27.31 70 27.00726437887495
 27.32 70 27.32822588720209
 27.33 70 27.36128605572634
 27.34 70 27.16348842065774
 27.35 70 27.16433781997065
 27.36 70 27.11590999428097
 27.37 70 27.32135544127095
 27.38 70 27.00322301026493
 27.39 70 26.74760854627615
 27.4 70 27.08898750451538
 27.41 70 27.34760775098261
 27.42 70 27.28307220787696
 27.43 70 27.29565826016641
 27.44 70 27.07635975673281
 27.45 70 27.25733527521572
 27.46 70 27.28836894925426
 27.47 70 27.04245836010493
 27.48 70 27.6091556918558
 27.49 70 27.15605443855219
 27.5 70 27.39715442366883
 27.51 70 27.40218247268238
 27.52 70 27.35189844523107
 27.53 70 27.18959600397919
 27.54 70 27.17741099724585
 27.55 70 27.02141428796876
 27.56 70 27.29264701843923
 27.57 70 27.03712287694124
 27.58 70 27.29045056587293
 27.59 70 27.42333362615893
 27.6 70 27.0989376190438
 27.61 70 27.19727553080675
 27.62 70 27.51875291726069
 27.63 70 27.68365517106878
 27.64 70 27.40823439672197
 27.65 70 27.0006231779703
 27.66 70 27.0986780127817
 27.67 70 27.52168193485288
 27.68 70 27.01175244593899
 27.69 70 27.48064785255812
 27.7 70 27.26890277826903
 27.71 70 27.33999782237324
 27.72 70 27.26422253670833
 27.73 70 27.30269234833852
 27.74 70 27.42483787892634
 27.75 70 27.31264820792818
 27.76 70 27.17578704825453
 27.77 70 27.33776809564361
 27.78 70 27.258688848207
 27.79 70 27.72414034248784
 27.8 70 27.30237299247509
 27.81 70 27.1552207724011
 27.82 70 27.35261754349589
 27.83 70 27.58376720113917
 27.84 70 27.19383764690382
 27.85 70 27.01634976907535
 27.86 70 27.31119915562926
 27.87 70 27.1305444997256
 27.88 70 27.12457875164629
 27.89 70 27.4435624203532
 27.9 70 27.36486068938222
 27.91 70 27.12686055430258
 27.92 70 27.46449831555988
 27.93 70 26.93092204042258
 27.94 70 27.0462352318049
 27.95 70 27.26271249168907
 27.96 70 27.18408276274062
 27.97 70 27.5278107590497
 27.98 70 27.18296521108199
 27.99 70 27.25940286234463
 28 70 27.4113079216734
 28.01 70 26.8856271747853
 28.02 70 27.11371537622051
 28.03 70 26.78566818148868
 28.04 70 27.26176725438844
 28.05 70 26.96303641314451
 28.06 70 27.25805613716538
 28.07 70 27.30867757354675
 28.08 70 27.39801226250724
 28.09 70 27.2018054533198
 28.1 70 26.98782366882719
 28.11 70 27.42773635207235
 28.12 70 26.86383386648385
 28.13 70 27.14308789561119
 28.14 70 27.04710635344057
 28.15 70 27.06785894832636
 28.16 70 27.24087513411923
 28.17 70 26.9318624198265
 28.18 70 27.21339048366597
 28.19 70 27.02922304238532
 28.2 70 27.55316884185424
 28.21 70 27.24036980143303
 28.22 70 27.48235793930137
 28.23 70 27.42368629403818
 28.24 70 27.21290153267336
 28.25 70 27.4245038980494
 28.26 70 27.30021886800632
 28.27 70 27.14760496670473
 28.28 70 27.1666893116589
 28.29 70 27.12065385930941
 28.3 70 27.00780465260488
 28.31 70 27.36452928835985
 28.32 70 27.06514496113967
 28.33 70 26.93826176591652
 28.34 70 27.30455246148067
 28.35 70 27.1458033362711
 28.36 70 27.25152741489169
 28.37 70 27.19423678711522
 28.38 70 27.51321818344228
 28.39 70 26.83922024472893
 28.4 70 27.56242758307577
 28.41 70 27.34186371968869
 28.42 70 27.0210673426644
 28.43 70 26.87414144176519
 28.44 70 27.02305822149344
 28.45 70 27.19825879107288
 28.46 70 27.43713362863262
 28.47 70 27.01089453775677
 28.48 70 27.56239022886037
 28.49 70 27.10431193073558
 28.5 70 27.09906916674642
 28.51 70 27.12858963538155
 28.52 70 27.15611426635684
 28.53 70 27.20703160976404
 28.54 70 27.63735365032201
 28.55 70 27.37282962062529
 28.56 70 26.93896577604342
 28.57 70 27.2232791102528
 28.58 70 27.20566769784534
 28.59 70 26.88329016672435
 28.6 70 26.92728953866922
 28.61 70 27.11954554847955
 28.62 70 26.74168050811956
 28.63 70 27.19255773847462
 28.64 70 27.0400146486074
 28.65 70 27.26332340146167
 28.66 70 27.04123033288351
 28.67 70 27.43336120154022
 28.68 70 27.37689597135428
 28.69 70 27.34899872402086
 28.7 70 27.14610990524352
 28.71 70 27.20859284968668
 28.72 70 27.03044083588185
 28.73 70 27.54167921914055
 28.74 70 27.04417967099351
 28.75 70 27.38537252697449
 28.76 70 27.41508365450398
 28.77 70 26.94682980527513
 28.78 70 26.81102414016151
 28.79 70 27.34716313593943
 28.8 70 27.31030764047153
 28.81 70 27.02769397390613
 28.82 70 27.40911941786124
 28.83 70 27.32672508399955
 28.84 70 27.29198926585408
 28.85 70 27.1693664656366
 28.86 70 26.8474026749435
 28.87 70 27.41068241114555
 28.88 70 27.1951676820691
 28.89 70 27.23754726355488
 28.9 70 27.17507714920004
 28.91 70 27.4052253745047
 28.92 70 27.06605625629792
 28.93 70 27.48482073876064
 28.94 70 27.21765696664816
 28.95 70 27.43862831468228
 28.96 70 27.22743188726355
 28.97 70 27.21451284252551
 28.98 70 27.75398567600657
 28.99 70 27.2187737600658
 29 70 27.03335594302391
 29.01 70 27.44170415059457
 29.02 70 27.17962835839946
 29.03 70 27.1039328507135
 29.04 70 27.45155850285339
 29.05 70 27.24440884282601
 29.06 70 27.31572833438593
 29.07 70 27.29703077995509
 29.08 70 27.44922839569954
 29.09 70 27.30411769397047
 29.1 70 27.06188472996463
 29.11 70 27.34299340995501
 29.12 70 27.33431113705235
 29.13 70 27.08077581663027
 29.14 70 27.09771301371281
 29.15 70 26.88291886768996
 29.16 70 27.28402722181971
 29.17 70 27.35695362827824
 29.18 70 27.23686595177166
 29.19 70 27.39024221369219
 29.2 70 27.45472140446975
 29.21 70 27.40341426085987
 29.22 70 27.27586582442001
 29.23 70 27.11877283059697
 29.24 70 26.89723977587772
 29.25 70 27.05226516327645
 29.26 70 27.39506820656445
 29.27 70 27.23602192159335
 29.28 70 26.86007456435869
 29.29 70 27.04906503746129
 29.3 70 27.05839782191223
 29.31 70 26.94367911422075
 29.32 70 27.14588544891953
 29.33 70 27.07353521764194
 29.34 70 27.35608410750259
 29.35 70 27.05513839334449
 29.36 70 27.02785931169308
 29.37 70 26.7335748225565
 29.38 70 27.44863879801779
 29.39 70 26.89706330370916
 29.4 70 27.2734875164231
 29.41 70 27.14502551730141
 29.42 70 27.36942569873236
 29.43 70 27.19358969118219
 29.44 70 27.10149604820921
 29.45 70 27.47914815030212
 29.46 70 26.80809011801588
 29.47 70 27.23057505719799
 29.48 70 27.12414804047968
 29.49 70 27.62093755860052
 29.5 70 27.00120567490875
 29.51 70 27.3512762704558
 29.52 70 27.45097646658309
 29.53 70 27.03898338004151
 29.54 70 27.10902068976819
 29.55 70 27.41048982978682
 29.56 70 27.38660604323173
 29.57 70 27.09306514299973
 29.58 70 26.94364349755998
 29.59 70 26.99887314258516
 29.6 70 27.0222026117312
 29.61 70 27.25336457366157
 29.62 70 27.11053440411538
 29.63 70 27.17927116362095
 29.64 70 27.19485414403248
 29.65 70 27.39495920501723
 29.66 70 26.91207378956809
 29.67 70 27.25522160818024
 29.68 70 27.10500807991058
 29.69 70 26.89468948584319
 29.7 70 27.24395398748654
 29.71 70 26.83301350289502
 29.72 70 27.37935036224047
 29.73 70 27.2701095643435
 29.74 70 27.32317126626565
 29.75 70 26.96882810301791
 29.76 70 27.38777254986675
 29.77 70 27.57094799782958
 29.78 70 27.1395099108271
 29.79 70 27.04785253350468
 29.8 70 27.23163059867981
 29.81 70 27.17318593759873
 29.82 70 26.94247317549003
 29.83 70 27.01841935229509
 29.84 70 27.34277748090284
 29.85 70 27.37243331221695
 29.86 70 27.0901859066739
 29.87 70 26.91111790171693
 29.88 70 27.18883023080858
 29.89 70 27.57148691581853
 29.9 70 27.3122794199551
 29.91 70 27.23866263857247
 29.92 70 27.24012204340347
 29.93 70 27.39156323256106
 29.94 70 27.1490320148083
 29.95 70 27.1828499794807
 29.96 70 27.09275989867939
 29.97 70 26.92736601907559
 29.98 70 27.01084356759602
 29.99 70 26.72495839982926
 30 70 26.86279106359972


