 0 0.02167755814631894
 0.3 0.02619669047400609
 0.6 0.08248584484296524
 0.8999999999999999 0.09214878544947325
 1.2 0.1295343226044913
 1.5 0.1751925439284096
 1.8 0.20438537735156
 2.1 0.213006039680611
 2.4 0.2275710551661888
 2.7 0.2463710977236832
 3 0.2719738572672523
 3.3 0.3160660488560538
 3.6 0.3292825419231277
 3.9 0.3382222605097742
 4.2 0.3665600413433638
 4.5 0.3717720588828208
 4.8 0.3715289591209526
 5.1 0.3965394764984392
 5.399999999999999 0.398623907876224
 5.7 0.4101455190726553
 6 0.4296517450026651
 6.3 0.4438622614990995
 6.6 0.4511291180370494
 6.899999999999999 0.4584360369514225
 7.199999999999999 0.4770509284898664
 7.5 0.4915902510476632
 7.8 0.5078567029876125
 8.1 0.489799396912232
 8.4 0.5011613905583245
 8.699999999999999 0.509643059720878
 9 0.5366307616527942
 9.299999999999999 0.5179096954434136
 9.6 0.5369291398951708
 9.9 0.5416941889630537
 10.2 0.5493698341915025
 10.5 0.5538600697135923
 10.8 0.5430430970070502
 11.1 0.5541952116303894
 11.4 0.5585380672662533
 11.7 0.5665166005425837
 12 0.561717293103602
 12.3 0.5862719493030052
 12.6 0.5840093184639074
 12.9 0.5520016412607001
 13.2 0.5850590652782867
 13.5 0.5694871638669744
 13.8 0.5809683781594116
 14.1 0.5844506601762757
 14.4 0.5708915704950366
 14.7 0.5699297488728714
 15 0.5968388425068006
 15.3 0.5898175247888277
 15.6 0.596366060913619
 15.9 0.5957015869261109
 16.2 0.5820270122905306
 16.5 0.5971983409861807
 16.8 0.6035061029676397
 17.1 0.598711973830965
 17.4 0.5993856594451166
 17.7 0.6180432366628253
 18 0.597997176684984
 18.3 0.606142471119414
 18.6 0.6076791479984978
 18.9 0.5918422453591693
 19.2 0.6000435842595119
 19.5 0.599245131391164
 19.8 0.6049640549223257
 20.1 0.6022757306101976
 20.4 0.614345278253656
 20.7 0.5920070090813742
 21 0.6228913425222045
 21.3 0.6027837345036694
 21.6 0.6268023656337917
 21.9 0.6087764563140179
 22.2 0.6020309300323914
 22.5 0.6084528095320592
 22.8 0.6202263111978825
 23.1 0.6143494160110787
 23.4 0.618121452693607
 23.7 0.619566563905203
 24 0.6005206425638493
 24.3 0.6041386783811231
 24.6 0.6099250683067339
 24.9 0.6017148102792593
 25.2 0.6073197637240761
 25.5 0.6088537027130813
 25.8 0.6141662942334005
 26.1 0.6165537205240258
 26.4 0.5924461167450176
 26.7 0.5846457620466481
 27 0.6234851838703254
 27.3 0.6180226960586718
 27.6 0.6199441174911994
 27.9 0.6232314554784296
 28.2 0.6138134447987944
 28.5 0.6135631552953439
 28.8 0.6171294372146335
 29.1 0.6207823581194695
 29.4 0.609677044425401
 29.7 0.6056501539935033
 30 0.6239457478128662